# Matter power spectrum P(k) at redshift z=0
# for k=1.0455e-05 to 0.630534 h/Mpc,
# number of wavenumbers equal to 559
#    1:k (h/Mpc)              2:P (Mpc/h)^3        
       1.045502190352e-05       3.672071087893e+05 
       2.345441606625e-05       3.457530948501e+04 
       3.650012048881e-05       1.101149392713e+04 
       4.962788504237e-05       5.060349409660e+03 
       6.287405951073e-05       3.131310303242e+03 
       7.627592367555e-05       2.264878331194e+03 
       8.987202811233e-05       1.813647743218e+03 
       1.037025503081e-04       1.568335306536e+03 
       1.178096707459e-04       1.451179385769e+03 
       1.322379736369e-04       1.360367495059e+03 
       1.470348769806e-04       1.290781902534e+03 
       1.622510965668e-04       1.270480910632e+03 
       1.779411483237e-04       1.282313744570e+03 
       1.941638930002e-04       1.281377691929e+03 
       2.109831264269e-04       1.303612589713e+03 
       2.284682173870e-04       1.343844358487e+03 
       2.466947932597e-04       1.378935516040e+03 
       2.657454708177e-04       1.426005801256e+03 
       2.857106255763e-04       1.485472193646e+03 
       3.066891875273e-04       1.543704505645e+03 
       3.287894435280e-04       1.611726569615e+03 
       3.521298166163e-04       1.685541636149e+03 
       3.768395796892e-04       1.769721174328e+03 
       4.030594450627e-04       1.858643028961e+03 
       4.309419525431e-04       1.952484226213e+03 
       4.606515574819e-04       2.056478528430e+03 
       4.923642985711e-04       2.166918129864e+03 
       5.262669059450e-04       2.287101549392e+03 
       5.625551983808e-04       2.416717601768e+03 
       6.014316208227e-04       2.556210561160e+03 
       6.431017984332e-04       2.706331555193e+03 
       6.877700394195e-04       2.866992630484e+03 
       7.356338121204e-04       3.039695986613e+03 
       7.868773522801e-04       3.225470871513e+03 
       8.416647137348e-04       3.423369204138e+03 
       9.001327364924e-04       3.632486219127e+03 
       9.623845349426e-04       3.852843974073e+03 
       1.028484165185e-03       4.090311189559e+03 
       1.098453081357e-03       4.336256215716e+03 
       1.172268825680e-03       4.595967920540e+03 
       1.249866136926e-03       4.866567100779e+03 
       1.331140358256e-03       5.141336582984e+03 
       1.415952744549e-03       5.437368878704e+03 
       1.504137071098e-03       5.735592900842e+03 
       1.595506863749e-03       6.026444742442e+03 
       1.689862605035e-03       6.344542596529e+03 
       1.786998393189e-03       6.668536482541e+03 
       1.886707698737e-03       6.989343383498e+03 
       1.988788035531e-03       7.318756479467e+03 
       2.093044510005e-03       7.655690871950e+03 
       2.199292319381e-03       7.991451553992e+03 
       2.307358334374e-03       8.319235537952e+03 
       2.417081930918e-03       8.650544443950e+03 
       2.528315238079e-03       8.984471683663e+03 
       2.640922955419e-03       9.334135419592e+03 
       2.754781870813e-03       9.662629081666e+03 
       2.869780184702e-03       9.991061110010e+03 
       2.985816722790e-03       1.032015556806e+04 
       3.102800098040e-03       1.063277807052e+04 
       3.220647865302e-03       1.096528548683e+04 
       3.339285698042e-03       1.129583777422e+04 
       3.458646606030e-03       1.161129330871e+04 
       3.578670205040e-03       1.191959358051e+04 
       3.699302043992e-03       1.224167157352e+04 
       3.820492991104e-03       1.253687772221e+04 
       3.942198678025e-03       1.281424491773e+04 
       4.064378999279e-03       1.314282085088e+04 
       4.186997663430e-03       1.344501065035e+04 
       4.310021791847e-03       1.372698551572e+04 
       4.433421560840e-03       1.398405544655e+04 
       4.557169882967e-03       1.428075840322e+04 
       4.681242123494e-03       1.456566426729e+04 
       4.805615848282e-03       1.482379336398e+04 
       4.930270599643e-03       1.510451173964e+04 
       5.055187697032e-03       1.535748429169e+04 
       5.180350059777e-03       1.562484201238e+04 
       5.305742049301e-03       1.588586577051e+04 
       5.431349328599e-03       1.613424695058e+04 
       5.557158736975e-03       1.635227603694e+04 
       5.683158178278e-03       1.663528157121e+04 
       5.809336521071e-03       1.684289860096e+04 
       5.935683509363e-03       1.707802831594e+04 
       6.062189682703e-03       1.731644630563e+04 
       6.188846304553e-03       1.754294673383e+04 
       6.315645298016e-03       1.777796619685e+04 
       6.442579188090e-03       1.797035942793e+04 
       6.569641049711e-03       1.818483057154e+04 
       6.696824460961e-03       1.842415068429e+04 
       6.824123460868e-03       1.854063931494e+04 
       6.951532511286e-03       1.873905956762e+04 
       7.079046462449e-03       1.893204297428e+04 
       7.206660521771e-03       1.912429182508e+04 
       7.334370225578e-03       1.930856886004e+04 
       7.462171413454e-03       1.948931414056e+04 
       7.590060204930e-03       1.966464529729e+04 
       7.718032978284e-03       1.984646811274e+04 
       7.846086351238e-03       2.001638599562e+04 
       7.974217163351e-03       2.018314725957e+04 
       8.102422459961e-03       2.034685115586e+04 
       8.230699477505e-03       2.050240872623e+04 
       8.359045630096e-03       2.064666121345e+04 
       8.487458497233e-03       2.080893482238e+04 
       8.615935812535e-03       2.094742542703e+04 
       8.744475453410e-03       2.110392702764e+04 
       8.873075431567e-03       2.124922161764e+04 
       9.001733884290e-03       2.137207251927e+04 
       9.130449066420e-03       2.150331202040e+04 
       9.259219342965e-03       2.164146190489e+04 
       9.388043182294e-03       2.175040749770e+04 
       9.516919149855e-03       2.187458321466e+04 
       9.645845902385e-03       2.200607075148e+04 
       9.774822182556e-03       2.212215872016e+04 
       9.903846814025e-03       2.223610454360e+04 
       1.003291869686e-02       2.234882118813e+04 
       1.016203680330e-02       2.244968882645e+04 
       1.029120017384e-02       2.255956900134e+04 
       1.042040791358e-02       2.266761443391e+04 
       1.054965918888e-02       2.273179150343e+04 
       1.067895322420e-02       2.285428091203e+04 
       1.080828929922e-02       2.294059076789e+04 
       1.093766674613e-02       2.302853576932e+04 
       1.106708494715e-02       2.311322551284e+04 
       1.119654333217e-02       2.319535243969e+04 
       1.132604137663e-02       2.327488378242e+04 
       1.145557859945e-02       2.331327074556e+04 
       1.158515456123e-02       2.342108314211e+04 
       1.171476886247e-02       2.346334364669e+04 
       1.184442114193e-02       2.353124169413e+04 
       1.197411107521e-02       2.359214539392e+04 
       1.210383837325e-02       2.364929136833e+04 
       1.223360278111e-02       2.369906829378e+04 
       1.236340407673e-02       2.376947679730e+04 
       1.249324206979e-02       2.381968765689e+04 
       1.262311660070e-02       2.388340552286e+04 
       1.275302753961e-02       2.393783662658e+04 
       1.288297478552e-02       2.398426931206e+04 
       1.301295826545e-02       2.399068990277e+04 
       1.314297793367e-02       2.403374875575e+04 
       1.327303377098e-02       2.414176968817e+04 
       1.340312578405e-02       2.415792217679e+04 
       1.353325400482e-02       2.415912220769e+04 
       1.366341848996e-02       2.417312914837e+04 
       1.379361932031e-02       2.421718178576e+04 
       1.392385660046e-02       2.424045910954e+04 
       1.405413045830e-02       2.428657465954e+04 
       1.418444104463e-02       2.428046415881e+04 
       1.431478853281e-02       2.428477626462e+04 
       1.444517311843e-02       2.432476437251e+04 
       1.457559501907e-02       2.431261922276e+04 
       1.470605447398e-02       2.433130680925e+04 
       1.483655174393e-02       2.439208223360e+04 
       1.496708711095e-02       2.439615671479e+04 
       1.509766087821e-02       2.439698042530e+04 
       1.522827336988e-02       2.440334259032e+04 
       1.535892493098e-02       2.436797260433e+04 
       1.548961592732e-02       2.439869415949e+04 
       1.562034674546e-02       2.435615146802e+04 
       1.575111779260e-02       2.435068244601e+04 
       1.588192949662e-02       2.440170710604e+04 
       1.601278230605e-02       2.434982955872e+04 
       1.614367669013e-02       2.434388428368e+04 
       1.627461313879e-02       2.432876764719e+04 
       1.640559216277e-02       2.431194415430e+04 
       1.653661429368e-02       2.434292184037e+04 
       1.666768008409e-02       2.428850516822e+04 
       1.679879010766e-02       2.432204590492e+04 
       1.692994495930e-02       2.424526728373e+04 
       1.706114525527e-02       2.421774119158e+04 
       1.719239163341e-02       2.421160977255e+04 
       1.732368475329e-02       2.428747581908e+04 
       1.745502529643e-02       2.421565049352e+04 
       1.758641396653e-02       2.417222188240e+04 
       1.771785148971e-02       2.409814889347e+04 
       1.784933861475e-02       2.415737073251e+04 
       1.798087611340e-02       2.405471576759e+04 
       1.811246478063e-02       2.399575730020e+04 
       1.824410543496e-02       2.395483548395e+04 
       1.837579891878e-02       2.395907525178e+04 
       1.850754609871e-02       2.390874575379e+04 
       1.863934786590e-02       2.390774632068e+04 
       1.877120513648e-02       2.384037885393e+04 
       1.890311885190e-02       2.381770024968e+04 
       1.903508997937e-02       2.379004603575e+04 
       1.916711951225e-02       2.368887746551e+04 
       1.929920847052e-02       2.366786596564e+04 
       1.943135790125e-02       2.360123804265e+04 
       1.956356887905e-02       2.360529674117e+04 
       1.969584250658e-02       2.353136652071e+04 
       1.982817991508e-02       2.346884869984e+04 
       1.996058226490e-02       2.341627572709e+04 
       2.009305074603e-02       2.341487898277e+04 
       2.022558657870e-02       2.335514779678e+04 
       2.035819101396e-02       2.323357400494e+04 
       2.049086533430e-02       2.320348400326e+04 
       2.062361085429e-02       2.312157223517e+04 
       2.075642892123e-02       2.308215788772e+04 
       2.088932091580e-02       2.314387283578e+04 
       2.102228825282e-02       2.297555033683e+04 
       2.115533238193e-02       2.292186323078e+04 
       2.128845478831e-02       2.286132879913e+04 
       2.142165699354e-02       2.276271914916e+04 
       2.155494055628e-02       2.273203277078e+04 
       2.168830707319e-02       2.266362285990e+04 
       2.182175817971e-02       2.263275520329e+04 
       2.195529555095e-02       2.254676275854e+04 
       2.208892090262e-02       2.244238899079e+04 
       2.222263599189e-02       2.240359328376e+04 
       2.235644261843e-02       2.233291939703e+04 
       2.249034262531e-02       2.231854265873e+04 
       2.262433790009e-02       2.218430085286e+04 
       2.275843037583e-02       2.224641425738e+04 
       2.289262203217e-02       2.207707852457e+04 
       2.302691489648e-02       2.199012401127e+04 
       2.316131104496e-02       2.193426493971e+04 
       2.329581260387e-02       2.190282413084e+04 
       2.343042175073e-02       2.180066471724e+04 
       2.356514071558e-02       2.171668108656e+04 
       2.369997178231e-02       2.165667936246e+04 
       2.383491728995e-02       2.154879321182e+04 
       2.396997963412e-02       2.150377008738e+04 
       2.410516126841e-02       2.141813561049e+04 
       2.424046470587e-02       2.140049318019e+04 
       2.437589252055e-02       2.124900618958e+04 
       2.451144734904e-02       2.122443522001e+04 
       2.464713189211e-02       2.114783878036e+04 
       2.478294891637e-02       2.101336017344e+04 
       2.491890125604e-02       2.100013166763e+04 
       2.505499181466e-02       2.086123558070e+04 
       2.519122356701e-02       2.081964469610e+04 
       2.532759956096e-02       2.071510022445e+04 
       2.546412291948e-02       2.066605071094e+04 
       2.560079684264e-02       2.063127575026e+04 
       2.573762460970e-02       2.046139679120e+04 
       2.587460958134e-02       2.043091005486e+04 
       2.601175520184e-02       2.037937367805e+04 
       2.614906500145e-02       2.027257578758e+04 
       2.628654259874e-02       2.015316909019e+04 
       2.642419170314e-02       2.009201286409e+04 
       2.656201611748e-02       2.008188666708e+04 
       2.670001974063e-02       1.993966149943e+04 
       2.683820657029e-02       1.981549187904e+04 
       2.697658070583e-02       1.976013481650e+04 
       2.711514635122e-02       1.978770476255e+04 
       2.725390781810e-02       1.975066814157e+04 
       2.739286952895e-02       1.949494036563e+04 
       2.753203602037e-02       1.940625304673e+04 
       2.767141194648e-02       1.934104154288e+04 
       2.781100208242e-02       1.929290987430e+04 
       2.795081132806e-02       1.925192122690e+04 
       2.809084471174e-02       1.912952166939e+04 
       2.823110739424e-02       1.903003321611e+04 
       2.837160467284e-02       1.906847599847e+04 
       2.851234198558e-02       1.897842910516e+04 
       2.865332491565e-02       1.879150318262e+04 
       2.879455919594e-02       1.880216406606e+04 
       2.893605071384e-02       1.869064847588e+04 
       2.907780551615e-02       1.859645606785e+04 
       2.921982981420e-02       1.844191627622e+04 
       2.936212998920e-02       1.840496314884e+04 
       2.950471259779e-02       1.832815689090e+04 
       2.964758437784e-02       1.818447452632e+04 
       2.979075225440e-02       1.815592525746e+04 
       2.993422334603e-02       1.807578220008e+04 
       3.007800497127e-02       1.796549883284e+04 
       3.022210465548e-02       1.792733947658e+04 
       3.036653013787e-02       1.778003680633e+04 
       3.051128937890e-02       1.770345451323e+04 
       3.065639056799e-02       1.765254579852e+04 
       3.080184213156e-02       1.754810516079e+04 
       3.094765274138e-02       1.751843425062e+04 
       3.109383132333e-02       1.737174258935e+04 
       3.124038706658e-02       1.735083332083e+04 
       3.138732943310e-02       1.719028640879e+04 
       3.153466816765e-02       1.715275504606e+04 
       3.168241330826e-02       1.702963804880e+04 
       3.183057519708e-02       1.701738862844e+04 
       3.197916449189e-02       1.687327368070e+04 
       3.212819217802e-02       1.683400284630e+04 
       3.227766958090e-02       1.676779057137e+04 
       3.242760837919e-02       1.667876856231e+04 
       3.257802061856e-02       1.659346795845e+04 
       3.272891872611e-02       1.648278568186e+04 
       3.288031552558e-02       1.640386752619e+04 
       3.303222425318e-02       1.631898952810e+04 
       3.318465857438e-02       1.624763270929e+04 
       3.333763260141e-02       1.617024914569e+04 
       3.349116091173e-02       1.610259643947e+04 
       3.364525856747e-02       1.603362903185e+04 
       3.379994113583e-02       1.596810321806e+04 
       3.395522471062e-02       1.589474653993e+04 
       3.411112593489e-02       1.580199274278e+04 
       3.426766202487e-02       1.568909192165e+04 
       3.442485079509e-02       1.569363802085e+04 
       3.458271068503e-02       1.555025440624e+04 
       3.474126078714e-02       1.549114241151e+04 
       3.490052087652e-02       1.538004267508e+04 
       3.506051144224e-02       1.535466499381e+04 
       3.522125372050e-02       1.529485948915e+04 
       3.538276972975e-02       1.515017185265e+04 
       3.554508230778e-02       1.509021131071e+04 
       3.570821515116e-02       1.500083405144e+04 
       3.587219285697e-02       1.499542908399e+04 
       3.603704096711e-02       1.488626385412e+04 
       3.620278601538e-02       1.483623628780e+04 
       3.636945557745e-02       1.474896115329e+04 
       3.653707832407e-02       1.473138450861e+04 
       3.670568407763e-02       1.462413216430e+04 
       3.687530387248e-02       1.449049219550e+04 
       3.704597001909e-02       1.444567163549e+04 
       3.721771617265e-02       1.440230489472e+04 
       3.739057740621e-02       1.430140543120e+04 
       3.756459028882e-02       1.422529364892e+04 
       3.773979296913e-02       1.418931178478e+04 
       3.791622526490e-02       1.408482446385e+04 
       3.809392875877e-02       1.401560015449e+04 
       3.827294690112e-02       1.391258209568e+04 
       3.845332512033e-02       1.387166219832e+04 
       3.863511094129e-02       1.383859120955e+04 
       3.881835411289e-02       1.372451656334e+04 
       3.900310674517e-02       1.367416324258e+04 
       3.918942345723e-02       1.360232118744e+04 
       3.937736153670e-02       1.356551431012e+04 
       3.956698111205e-02       1.343687392851e+04 
       3.975834533882e-02       1.339447992723e+04 
       3.995152060135e-02       1.331617885743e+04 
       4.014657673126e-02       1.324630243805e+04 
       4.034358724470e-02       1.321707869717e+04 
       4.054262960002e-02       1.311802091512e+04 
       4.074378547820e-02       1.309644715638e+04 
       4.094714108840e-02       1.299437559190e+04 
       4.115278750122e-02       1.293446465413e+04 
       4.136082101298e-02       1.287996253484e+04 
       4.157134354424e-02       1.278054577949e+04 
       4.178446307658e-02       1.274324171114e+04 
       4.200029413214e-02       1.272500471019e+04 
       4.221895830076e-02       1.262217348354e+04 
       4.244058482069e-02       1.259462601799e+04 
       4.266531121929e-02       1.250717443544e+04 
       4.289328402119e-02       1.244286357340e+04 
       4.312465953262e-02       1.238245603817e+04 
       4.335960471172e-02       1.231272781290e+04 
       4.359829813616e-02       1.228616872208e+04 
       4.384093108135e-02       1.220317922908e+04 
       4.408770872443e-02       1.214315237691e+04 
       4.433885149174e-02       1.205660867106e+04 
       4.459459657042e-02       1.198851940390e+04 
       4.485519960833e-02       1.197784853608e+04 
       4.512093663052e-02       1.192121532411e+04 
       4.539210620564e-02       1.185861257810e+04 
       4.566903190142e-02       1.180167124128e+04 
       4.595206507600e-02       1.173644532834e+04 
       4.624158806015e-02       1.168600117689e+04 
       4.653801779658e-02       1.164753631678e+04 
       4.684181001528e-02       1.154029171911e+04 
       4.715346403980e-02       1.151056702686e+04 
       4.747352833919e-02       1.143362130022e+04 
       4.780260696448e-02       1.144347942897e+04 
       4.814136703867e-02       1.138466439882e+04 
       4.849054750698e-02       1.131055790339e+04 
       4.885096940078e-02       1.124409532531e+04 
       4.922354792787e-02       1.120629664235e+04 
       4.960930677625e-02       1.114458030875e+04 
       5.000939511254e-02       1.108124580193e+04 
       5.042510787606e-02       1.105625869172e+04 
       5.085791012172e-02       1.098909065580e+04 
       5.130946635905e-02       1.095441701874e+04 
       5.178167608196e-02       1.090831548800e+04 
       5.227671699845e-02       1.086962632323e+04 
       5.279709786757e-02       1.083399762815e+04 
       5.334572334904e-02       1.077723571433e+04 
       5.392597388259e-02       1.073072081741e+04 
       5.454180434063e-02       1.071203586353e+04 
       5.519786600713e-02       1.065227889742e+04 
       5.589965722344e-02       1.062567113054e+04 
       5.665370854901e-02       1.056637853718e+04 
       5.746780794398e-02       1.054525562018e+04 
       5.835126912190e-02       1.047576066951e+04 
       5.931523957132e-02       1.045717496366e+04 
       6.037302961288e-02       1.039600978803e+04 
       6.154041311767e-02       1.035568738586e+04 
       6.283579364421e-02       1.030434992910e+04 
       6.428003579621e-02       1.023180380555e+04 
       6.589563287346e-02       1.015786009558e+04 
       6.770477080312e-02       1.005210288043e+04 
       6.972591866478e-02       9.904118778894e+03 
       7.196911589165e-02       9.716460283261e+03 
       7.443129139582e-02       9.473784648248e+03 
       7.709411892408e-02       9.164665351552e+03 
       7.992651322471e-02       8.794026578140e+03 
       8.289119293313e-02       8.374760506621e+03 
       8.595200671439e-02       7.920859590486e+03 
       8.907881185089e-02       7.455321770586e+03 
       9.224904760356e-02       6.999572296460e+03 
       9.544704422060e-02       6.570346144172e+03 
       9.866244750593e-02       6.179221229984e+03 
       1.018886327093e-01       5.834320808962e+03 
       1.051214466706e-01       5.538042209669e+03 
       1.083583184232e-01       5.287660160427e+03 
       1.115976687068e-01       5.077516590527e+03 
       1.148385319370e-01       4.899842608099e+03 
       1.180803193363e-01       4.751147442677e+03 
       1.213226724096e-01       4.615423988246e+03 
       1.245653730036e-01       4.492634719662e+03 
       1.278082883538e-01       4.369789306151e+03 
       1.310513376038e-01       4.244364461521e+03 
       1.342944714391e-01       4.110824471121e+03 
       1.375376597121e-01       3.968391710057e+03 
       1.407808839251e-01       3.820034022480e+03 
       1.440241326668e-01       3.665887652925e+03 
       1.472673988407e-01       3.508573805575e+03 
       1.505106779824e-01       3.353358204811e+03 
       1.537539672370e-01       3.203701131099e+03 
       1.569972647377e-01       3.063379633584e+03 
       1.602405692277e-01       2.935983536609e+03 
       1.634838798294e-01       2.821666505932e+03 
       1.667271959046e-01       2.722622066581e+03 
       1.699705169674e-01       2.637485541623e+03 
       1.732138426320e-01       2.564697224002e+03 
       1.764571725797e-01       2.501446748589e+03 
       1.797005065383e-01       2.445605456459e+03 
       1.829438442694e-01       2.394687675669e+03 
       1.861871855600e-01       2.345751036097e+03 
       1.894305302172e-01       2.296295517540e+03 
       1.926738780643e-01       2.244705167960e+03 
       1.959172289384e-01       2.189778218134e+03 
       1.991605826885e-01       2.129801459577e+03 
       2.024039391742e-01       2.067382539354e+03 
       2.056472982641e-01       2.001237527023e+03 
       2.088906598357e-01       1.933968835830e+03 
       2.121340237741e-01       1.867352875923e+03 
       2.153773899712e-01       1.802939108268e+03 
       2.186207583258e-01       1.741193989591e+03 
       2.218641287425e-01       1.683848931730e+03 
       2.251075011315e-01       1.631883426202e+03 
       2.283508754082e-01       1.584588186937e+03 
       2.315942514926e-01       1.542484767105e+03 
       2.348376293093e-01       1.504970064808e+03 
       2.380810087872e-01       1.471732529166e+03 
       2.413243898586e-01       1.441872349215e+03 
       2.445677724599e-01       1.414934702627e+03 
       2.478111565305e-01       1.389227423889e+03 
       2.510545420132e-01       1.364241360837e+03 
       2.542979288535e-01       1.339149052211e+03 
       2.575413170000e-01       1.313264351937e+03 
       2.607847064034e-01       1.286372412860e+03 
       2.640280970173e-01       1.258206573218e+03 
       2.672714887972e-01       1.228742140364e+03 
       2.705148817011e-01       1.198331403825e+03 
       2.737582756886e-01       1.167687581413e+03 
       2.770016707216e-01       1.136575458314e+03 
       2.802450667635e-01       1.106176259904e+03 
       2.834884637795e-01       1.076999059000e+03 
       2.867318617364e-01       1.049030894216e+03 
       2.899752606023e-01       1.023014301840e+03 
       2.932186603471e-01       9.988714544847e+02 
       2.964620609416e-01       9.768397547153e+02 
       2.997054623581e-01       9.569173762774e+02 
       3.029488645702e-01       9.382254320665e+02 
       3.061922675523e-01       9.213182579798e+02 
       3.094356712802e-01       9.051660876265e+02 
       3.126790757305e-01       8.897695325975e+02 
       3.159224808808e-01       8.748914766769e+02 
       3.191658867097e-01       8.603257887682e+02 
       3.224092931967e-01       8.454591436238e+02 
       3.256527003219e-01       8.303070587062e+02 
       3.288961080664e-01       8.151641070255e+02 
       3.321395164120e-01       7.993927962568e+02 
       3.353829253411e-01       7.835857350028e+02 
       3.386263348369e-01       7.676328504346e+02 
       3.418697448831e-01       7.518196085999e+02 
       3.451131554643e-01       7.360001671927e+02 
       3.483565665653e-01       7.207388427313e+02 
       3.515999781717e-01       7.058806912616e+02 
       3.548433902697e-01       6.916418402306e+02 
       3.580868028457e-01       6.782084751854e+02 
       3.613302158869e-01       6.653563319943e+02 
       3.645736293808e-01       6.533065280542e+02 
       3.678170433154e-01       6.419283320046e+02 
       3.710604576790e-01       6.311524591859e+02 
       3.743038724604e-01       6.208635569224e+02 
       3.775472876489e-01       6.110647794448e+02 
       3.807907032340e-01       6.015343053253e+02 
       3.840341192055e-01       5.921099665967e+02 
       3.872775355539e-01       5.828718743214e+02 
       3.905209522695e-01       5.735187601325e+02 
       3.937643693434e-01       5.643915370493e+02 
       3.970077867666e-01       5.552447037334e+02 
       4.002512045307e-01       5.459912022671e+02 
       4.034946226275e-01       5.367634399762e+02 
       4.067380410488e-01       5.276412016708e+02 
       4.099814597871e-01       5.186633704871e+02 
       4.132248788347e-01       5.098280756957e+02 
       4.164682981845e-01       5.011491014272e+02 
       4.197117178294e-01       4.927030191787e+02 
       4.229551377626e-01       4.845934626105e+02 
       4.261985579775e-01       4.767179001917e+02 
       4.294419784676e-01       4.690954918624e+02 
       4.326853992269e-01       4.617880218121e+02 
       4.359288202491e-01       4.547362029782e+02 
       4.391722415286e-01       4.479490222915e+02 
       4.424156630596e-01       4.413283404694e+02 
       4.456590848365e-01       4.349019981584e+02 
       4.489025068542e-01       4.286240676928e+02 
       4.521459291073e-01       4.225253544029e+02 
       4.553893515908e-01       4.164317263661e+02 
       4.586327742997e-01       4.104943700296e+02 
       4.618761972295e-01       4.046254600223e+02 
       4.651196203753e-01       3.988182055976e+02 
       4.683630437327e-01       3.930653188217e+02 
       4.716064672973e-01       3.873155168483e+02 
       4.748498910649e-01       3.817089897401e+02 
       4.780933150313e-01       3.761449176302e+02 
       4.813367391925e-01       3.706859575244e+02 
       4.845801635445e-01       3.652776572778e+02 
       4.878235880835e-01       3.599940787880e+02 
       4.910670128059e-01       3.548539055656e+02 
       4.943104377080e-01       3.498306849863e+02 
       4.975538627862e-01       3.449657428883e+02 
       5.007972880372e-01       3.402322347192e+02 
       5.040407134575e-01       3.356126709332e+02 
       5.072841390440e-01       3.311493404809e+02 
       5.105275647934e-01       3.267465857716e+02 
       5.137709907027e-01       3.224678336486e+02 
       5.170144167689e-01       3.182253637538e+02 
       5.202578429889e-01       3.140921787847e+02 
       5.235012693599e-01       3.100173010158e+02 
       5.267446958792e-01       3.060531267753e+02 
       5.299881225440e-01       3.020662436961e+02 
       5.332315493516e-01       2.981667020733e+02 
       5.364749762995e-01       2.943474542517e+02 
       5.397184033851e-01       2.905700114161e+02 
       5.429618306059e-01       2.867920876421e+02 
       5.462052579595e-01       2.830859179273e+02 
       5.494486854435e-01       2.794875945417e+02 
       5.526921130557e-01       2.759188585567e+02 
       5.559355407938e-01       2.724266967944e+02 
       5.591789686556e-01       2.690074111441e+02 
       5.624223966390e-01       2.656482067217e+02 
       5.656658247418e-01       2.623743490602e+02 
       5.689092529620e-01       2.591302863168e+02 
       5.721526812977e-01       2.559798428717e+02 
       5.753961097468e-01       2.528818797240e+02 
       5.786395383074e-01       2.498448285124e+02 
       5.818829669777e-01       2.468552524926e+02 
       5.851263957558e-01       2.439142182735e+02 
       5.883698246400e-01       2.410271575452e+02 
       5.916132536285e-01       2.381784898336e+02 
       5.948566827196e-01       2.353827868164e+02 
       5.981001119116e-01       2.326125630799e+02 
       6.013435412028e-01       2.298972592786e+02 
       6.045869705918e-01       2.272356713964e+02 
       6.078304000769e-01       2.246031419029e+02 
       6.110738296565e-01       2.220187721570e+02 
       6.143172593292e-01       2.194493342198e+02 
       6.175606890935e-01       2.169316029826e+02 
       6.208041189480e-01       2.144728439196e+02 
       6.240475488912e-01       2.120113804064e+02 
       6.272909789218e-01       2.096291582966e+02 
       6.305344090385e-01       2.072735909690e+02 
