# Matter power spectrum P(k) at redshift z=0
# for k=1.04656e-05 to 0.630317 h/Mpc,
# number of wavenumbers equal to 558
#    1:k (h/Mpc)              2:P (Mpc/h)^3        
       1.046558415325e-05       6.165478347249e+25 
       2.351801662594e-05       5.232479989474e+24 
       3.661723974182e-05       1.346115447281e+24 
       4.979944398378e-05       5.191684375169e+23 
       6.310143126752e-05       2.468540722015e+23 
       7.656095185419e-05       1.331383149245e+23 
       9.021705226981e-05       7.796113209468e+22 
       1.041104389746e-04       4.828280735344e+22 
       1.182838625604e-04       3.110538324214e+22 
       1.327825272890e-04       2.059499151245e+22 
       1.476545307857e-04       1.390177636822e+22 
       1.629513386242e-04       9.478871938962e+21 
       1.787282983224e-04       6.510202404379e+21 
       1.950451968249e-04       4.468996948990e+21 
       2.119668647644e-04       3.048001184384e+21 
       2.295638295186e-04       2.055171866602e+21 
       2.479130171051e-04       1.360974937320e+21 
       2.670985000381e-04       8.776494000121e+20 
       2.872122840706e-04       5.443251233831e+20 
       3.083551208967e-04       3.193916733487e+20 
       3.306373259346e-04       1.729261052035e+20 
       3.541795698090e-04       8.246115163557e+19 
       3.791135986821e-04       3.134538309882e+19 
       4.055828219224e-04       7.019547267606e+18 
       4.337426858838e-04       4.520536000060e+16 
       4.637607306141e-04       3.047835189569e+18 
       4.958162039871e-04       1.055275495870e+19 
       5.300990884223e-04       1.857228426161e+19 
       5.668083842817e-04       2.452574466417e+19 
       6.061494984596e-04       2.701762341684e+19 
       6.483306153751e-04       2.572366146357e+19 
       6.935579892699e-04       2.127440300861e+19 
       7.420301973202e-04       1.495986869935e+19 
       7.939315315700e-04       8.384401782555e+18 
       8.494248719064e-04       3.105314447896e+18 
       9.086445462206e-04       2.903935007888e+17 
       9.716898095448e-04       4.987693320902e+17 
       1.038619619413e-03       3.616958152079e+18 
       1.109449317999e-03       8.951991813725e+18 
       1.184149645688e-03       1.531558590816e+19 
       1.262648232381e-03       2.103076076282e+19 
       1.344833398587e-03       2.385735806170e+19 
       1.430559817925e-03       2.278390134516e+19 
       1.519655405111e-03       1.459733997142e+19 
       1.611928728761e-03       3.244915867513e+18 
       1.707176301000e-03       1.900582988532e+18 
       1.805189232913e-03       3.123842498357e+19 
       1.905758921462e-03       1.073855807478e+20 
       2.008681608447e-03       2.215652744325e+20 
       2.113761797058e-03       3.279124095393e+20 
       2.220814613954e-03       3.587857081071e+20 
       2.329667264292e-03       2.741263286547e+20 
       2.440159751086e-03       1.132906012795e+20 
       2.552145029012e-03       2.404974800165e+18 
       2.665488746166e-03       9.461781191467e+19 
       2.780068703323e-03       4.716979237139e+20 
       2.895774134413e-03       1.075297018529e+21 
       3.012504887678e-03       1.714606996823e+21 
       3.130170565898e-03       2.150951742777e+21 
       3.248689666828e-03       2.209536220749e+21 
       3.367988751431e-03       1.856887986652e+21 
       3.488001657278e-03       1.219011738641e+21 
       3.608668766946e-03       5.351617715701e+20 
       3.729936335932e-03       7.534603945061e+19 
       3.851755880954e-03       5.409044546994e+19 
       3.974083627100e-03       5.679049525029e+20 
       4.096880010775e-03       1.573158829967e+21 
       4.220109234594e-03       2.904767019756e+21 
       4.343738869922e-03       4.322521091261e+21 
       4.467739502699e-03       5.574121090853e+21 
       4.592084418280e-03       6.449460894244e+21 
       4.716749321226e-03       6.817726382404e+21 
       4.841712086279e-03       6.643729703376e+21 
       4.966952537072e-03       5.979553087763e+21 
       5.092452249445e-03       4.946121635451e+21 
       5.218194376545e-03       3.708586018235e+21 
       5.344163493219e-03       2.446186004009e+21 
       5.470345457444e-03       1.330155279997e+21 
       5.596727286835e-03       5.030972152389e+20 
       5.723297048470e-03       6.119796948838e+19 
       5.850043760500e-03       4.753550251908e+19 
       5.976957304169e-03       4.528324822381e+20 
       6.104028345073e-03       1.224660659667e+21 
       6.231248262573e-03       2.280563861031e+21 
       6.358609086470e-03       3.522379159736e+21 
       6.486103440100e-03       4.848560200311e+21 
       6.613724489140e-03       6.162152453887e+21 
       6.741465895502e-03       7.378822849712e+21 
       6.869321775750e-03       8.422725643206e+21 
       6.997286663539e-03       9.237506543606e+21 
       7.125355475668e-03       9.783442056959e+21 
       7.253523481337e-03       1.004371496808e+22 
       7.381786274290e-03       1.001904912727e+22 
       7.510139747528e-03       9.729014726493e+21 
       7.638580070340e-03       9.209943909921e+21 
       7.767103667403e-03       8.505975814503e+21 
       7.895707199758e-03       7.668566301226e+21 
       8.024387547455e-03       6.748215157845e+21 
       8.153141793718e-03       5.791510328990e+21 
       8.281967210480e-03       4.839833716212e+21 
       8.410861245143e-03       3.926713313295e+21 
       8.539821508466e-03       3.079550284596e+21 
       8.668845763453e-03       2.317803123860e+21 
       8.797931915167e-03       1.655851372637e+21 
       8.927078001372e-03       1.102799110570e+21 
       9.056282183931e-03       6.636324972994e+20 
       9.185542740897e-03       3.390061148312e+20 
       9.314858059221e-03       1.260647241198e+20 
       9.444226628044e-03       1.823135057299e+19 
       9.573647032500e-03       5.775324734928e+18 
       9.703117948001e-03       7.638814416771e+19 
       9.832638134958e-03       2.159934663439e+20 
       9.962206433899e-03       4.096346230487e+20 
       1.009182176095e-02       6.423616604820e+20 
       1.022148310368e-02       8.996980951436e+20 
       1.035118951717e-02       1.168980186723e+21 
       1.048094012051e-02       1.438902397622e+21 
       1.061073409341e-02       1.700026464535e+21 
       1.074057067312e-02       1.945021428085e+21 
       1.087044915162e-02       2.168402515162e+21 
       1.100036887287e-02       2.366281282509e+21 
       1.113032923044e-02       2.536360438002e+21 
       1.126032966512e-02       2.676945721010e+21 
       1.139036966288e-02       2.787696343113e+21 
       1.152044875280e-02       2.868494816984e+21 
       1.165056650528e-02       2.919823985038e+21 
       1.178072253033e-02       2.941946210082e+21 
       1.191091647592e-02       2.936282086398e+21 
       1.204114802657e-02       2.904048737032e+21 
       1.217141690192e-02       2.847171530884e+21 
       1.230172285546e-02       2.767534011229e+21 
       1.243206567334e-02       2.667969185644e+21 
       1.256244517328e-02       2.551111186367e+21 
       1.269286120353e-02       2.419904553037e+21 
       1.282331364189e-02       2.277728239961e+21 
       1.295380239488e-02       2.127707067887e+21 
       1.308432739688e-02       1.972744581983e+21 
       1.321488860937e-02       1.815750473701e+21 
       1.334548602025e-02       1.659165102648e+21 
       1.347611964321e-02       1.505457736576e+21 
       1.360678951706e-02       1.356344955089e+21 
       1.373749570527e-02       1.213414032855e+21 
       1.386823829542e-02       1.077854172974e+21 
       1.399901739873e-02       9.506857428815e+20 
       1.412983314967e-02       8.324501673172e+20 
       1.426068570557e-02       7.233888075309e+20 
       1.439157524627e-02       6.237699727933e+20 
       1.452250197381e-02       5.333526269197e+20 
       1.465346611215e-02       4.519329783961e+20 
       1.478446790695e-02       3.791277277562e+20 
       1.491550762530e-02       3.144836185736e+20 
       1.504658555561e-02       2.575181987359e+20 
       1.517770200738e-02       2.077062330722e+20 
       1.530885731111e-02       1.645512798865e+20 
       1.544005181817e-02       1.275901665204e+20 
       1.557128590074e-02       9.630317655992e+19 
       1.570255995172e-02       7.027951461840e+19 
       1.583387438473e-02       4.906096002753e+19 
       1.596522963406e-02       3.223361629339e+19 
       1.609662615471e-02       1.939832876276e+19 
       1.622806442238e-02       1.014667515580e+19 
       1.635954493357e-02       4.089470575936e+18 
       1.649106820557e-02       8.389240931438e+17 
       1.662263477664e-02       1.753020582803e+16 
       1.675424520605e-02       1.258007573996e+18 
       1.688590007420e-02       4.208358706084e+18 
       1.701759998282e-02       8.534859174732e+18 
       1.714934555508e-02       1.392414862313e+19 
       1.728113743576e-02       2.008809586436e+19 
       1.741297629150e-02       2.676624211095e+19 
       1.754486281096e-02       3.372447467670e+19 
       1.767679770505e-02       4.075883579165e+19 
       1.780878170721e-02       4.768940896434e+19 
       1.794081557365e-02       5.436593214133e+19 
       1.807290008363e-02       6.067502640262e+19 
       1.820503603976e-02       6.650677467733e+19 
       1.833722426830e-02       7.181020035812e+19 
       1.846946561951e-02       7.652031054785e+19 
       1.860176096798e-02       8.061890868338e+19 
       1.873411121299e-02       8.409454394642e+19 
       1.886651727890e-02       8.696030229676e+19 
       1.899898011556e-02       8.922394667819e+19 
       1.913150069869e-02       9.093389791785e+19 
       1.926408003032e-02       9.211650094431e+19 
       1.939671913926e-02       9.281124549551e+19 
       1.952941908156e-02       9.307234160486e+19 
       1.966218094098e-02       9.292570227647e+19 
       1.979500582948e-02       9.242706955988e+19 
       1.992789488780e-02       9.161299137587e+19 
       2.006084928593e-02       9.051705154974e+19 
       2.019387022373e-02       8.917489329373e+19 
       2.032695893146e-02       8.761292518129e+19 
       2.046011667041e-02       8.585995895515e+19 
       2.059334473351e-02       8.394025041965e+19 
       2.072664444597e-02       8.186156649706e+19 
       2.086001716594e-02       7.965618856702e+19 
       2.099346428521e-02       7.732821817640e+19 
       2.112698722988e-02       7.489990138961e+19 
       2.126058746114e-02       7.238183220356e+19 
       2.139426647597e-02       6.978881027511e+19 
       2.152802580795e-02       6.712844704438e+19 
       2.166186702806e-02       6.441951040882e+19 
       2.179579174549e-02       6.167278526043e+19 
       2.192980160851e-02       5.890314077427e+19 
       2.206389830533e-02       5.611853324618e+19 
       2.219808356502e-02       5.333512321305e+19 
       2.233235915846e-02       5.056656035303e+19 
       2.246672689928e-02       4.782172355567e+19 
       2.260118864485e-02       4.511571658758e+19 
       2.273574629735e-02       4.245265001539e+19 
       2.287040180477e-02       3.984881395242e+19 
       2.300515716204e-02       3.730816714734e+19 
       2.314001441216e-02       3.483939144461e+19 
       2.327497564732e-02       3.245039872543e+19 
       2.341004301013e-02       3.014542508844e+19 
       2.354521869487e-02       2.792982178815e+19 
       2.368050494869e-02       2.580775909546e+19 
       2.381590407301e-02       2.378174719169e+19 
       2.395141842484e-02       2.185433943478e+19 
       2.408705041814e-02       2.002940345687e+19 
       2.422280252532e-02       1.830376206423e+19 
       2.435867727871e-02       1.668156375992e+19 
       2.449467727207e-02       1.516029587366e+19 
       2.463080516220e-02       1.373977348457e+19 
       2.476706367057e-02       1.241804685579e+19 
       2.490345558501e-02       1.119255840342e+19 
       2.503998376145e-02       1.006057495252e+19 
       2.517665112573e-02       9.018978029856e+18 
       2.531346067543e-02       8.063043057555e+18 
       2.545041548183e-02       7.189201658810e+18 
       2.558751869188e-02       6.393122249169e+18 
       2.572477353023e-02       5.670066166796e+18 
       2.586218330139e-02       5.015429331748e+18 
       2.599975139189e-02       4.424398367805e+18 
       2.613748127253e-02       3.892357831540e+18 
       2.627537650079e-02       3.414805536092e+18 
       2.641344072316e-02       2.987116733392e+18 
       2.655167767774e-02       2.605263575287e+18 
       2.669009119674e-02       2.264946531901e+18 
       2.682868520924e-02       1.962536779587e+18 
       2.696746374393e-02       1.694310120104e+18 
       2.710643093199e-02       1.456999287942e+18 
       2.724559101007e-02       1.247602116634e+18 
       2.738494832337e-02       1.063218433754e+18 
       2.752450732885e-02       9.013332621618e+17 
       2.766427259852e-02       7.596181791321e+17 
       2.780424882288e-02       6.358950178963e+17 
       2.794444081451e-02       5.283171194537e+17 
       2.808485351168e-02       4.351360298825e+17 
       2.822549198229e-02       3.547371220584e+17 
       2.836636142773e-02       2.858432703311e+17 
       2.850746718710e-02       2.271417983639e+17 
       2.864881474140e-02       1.775172259755e+17 
       2.879040971806e-02       1.359539635258e+17 
       2.893225789547e-02       1.015343223861e+17 
       2.907436520786e-02       7.345311891572e+16 
       2.921673775023e-02       5.096533207054e+16 
       2.935938178353e-02       3.339101651965e+16 
       2.950230374010e-02       2.013341604483e+16 
       2.964551022920e-02       1.064369196947e+16 
       2.978900804291e-02       4.416823448480e+15 
       2.993280416219e-02       1.006277779194e+15 
       3.007690576315e-02       1.276080039686e+12 
       3.022132022372e-02       1.033866855558e+15 
       3.036605513041e-02       3.769774385229e+15 
       3.051111828558e-02       7.911034535051e+15 
       3.065651771478e-02       1.318215529181e+16 
       3.080226167461e-02       1.934435248153e+16 
       3.094835866079e-02       2.617649898066e+16 
       3.109481741666e-02       3.347956940384e+16 
       3.124164694198e-02       4.108572990113e+16 
       3.138885650223e-02       4.883243842644e+16 
       3.153645563820e-02       5.657580791741e+16 
       3.168445417612e-02       6.419842560036e+16 
       3.183286223817e-02       7.158168820003e+16 
       3.198169025359e-02       7.864363676206e+16 
       3.213094897016e-02       8.528779716603e+16 
       3.228064946634e-02       9.145492821113e+16 
       3.243080316391e-02       9.707328533614e+16 
       3.258142184128e-02       1.021107007641e+17 
       3.273251764740e-02       1.065238883820e+17 
       3.288410311637e-02       1.102927537712e+17 
       3.303619118272e-02       1.134035830073e+17 
       3.318879519757e-02       1.158511001482e+17 
       3.334192894546e-02       1.176358581178e+17 
       3.349560666214e-02       1.187724199907e+17 
       3.364984305323e-02       1.192818826459e+17 
       3.380465331385e-02       1.191955424479e+17 
       3.396005314932e-02       1.185345810651e+17 
       3.411605879687e-02       1.173481008992e+17 
       3.427268704859e-02       1.156703763552e+17 
       3.442995527561e-02       1.135513737082e+17 
       3.458788145358e-02       1.110342800841e+17 
       3.474648418957e-02       1.081632871628e+17 
       3.490578275046e-02       1.049944121981e+17 
       3.506579709297e-02       1.015662735996e+17 
       3.522654789537e-02       9.793361229636e+16 
       3.538805659104e-02       9.413640099918e+16 
       3.555034540399e-02       9.021798051427e+16 
       3.571343738648e-02       8.621976384964e+16 
       3.587735645889e-02       8.217582539823e+16 
       3.604212745204e-02       7.812137152888e+16 
       3.620777615198e-02       7.408723547765e+16 
       3.637432934776e-02       7.010014582220e+16 
       3.654181488198e-02       6.617884617950e+16 
       3.671026170475e-02       6.234749160412e+16 
       3.687969993096e-02       5.862158051984e+16 
       3.705016090135e-02       5.501288645058e+16 
       3.722167724767e-02       5.153207994649e+16 
       3.739428296207e-02       4.818861719330e+16 
       3.756801347128e-02       4.498659091574e+16 
       3.774290571584e-02       4.192813918644e+16 
       3.791899823486e-02       3.901633546656e+16 
       3.809633125674e-02       3.625113672241e+16 
       3.827494679635e-02       3.363138963497e+16 
       3.845488875932e-02       3.115402908291e+16 
       3.863620305387e-02       2.881670695844e+16 
       3.881893771114e-02       2.661553091801e+16 
       3.900314301440e-02       2.454695100587e+16 
       3.918887163838e-02       2.260567656151e+16 
       3.937617879932e-02       2.078845024847e+16 
       3.956512241687e-02       1.908954533588e+16 
       3.975576328904e-02       1.750503324562e+16 
       3.994816528138e-02       1.602921320965e+16 
       4.014239553173e-02       1.465778064248e+16 
       4.033852467232e-02       1.338491808022e+16 
       4.053662707070e-02       1.220653300749e+16 
       4.073678109166e-02       1.111671611249e+16 
       4.093906938227e-02       1.011095467202e+16 
       4.114357918243e-02       9.184174167607e+15 
       4.135040266386e-02       8.331290848659e+15 
       4.155963730048e-02       7.547218189551e+15 
       4.177138627387e-02       6.827413903514e+15 
       4.198575891770e-02       6.167444992343e+15 
       4.220287120571e-02       5.562596063215e+15 
       4.242284628843e-02       5.008653652177e+15 
       4.264581508441e-02       4.501756438149e+15 
       4.287191693276e-02       4.038106497225e+15 
       4.310130031468e-02       3.614298026582e+15 
       4.333412365267e-02       3.227108191880e+15 
       4.357055619768e-02       2.873627260877e+15 
       4.381077901578e-02       2.551067802457e+15 
       4.405498608786e-02       2.257094290519e+15 
       4.430338553808e-02       1.989433254214e+15 
       4.455620100908e-02       1.746155475983e+15 
       4.481367320535e-02       1.525453818155e+15 
       4.507606162941e-02       1.325694339316e+15 
       4.534364653992e-02       1.145377472045e+15 
       4.561673116596e-02       9.832628461638e+14 
       4.589564421792e-02       8.380383995746e+14 
       4.618074274281e-02       7.086014035605e+14 
       4.647241538103e-02       5.939118418894e+14 
       4.677108609250e-02       4.929714529647e+14 
       4.707721843365e-02       4.047800754009e+14 
       4.739132048314e-02       3.284207662474e+14 
       4.771395053469e-02       2.629424894046e+14 
       4.804572370035e-02       2.074240027608e+14 
       4.838731959887e-02       1.609303261683e+14 
       4.873949134284e-02       1.225491039899e+14 
       4.910307608671e-02       9.136823083006e+13 
       4.947900745951e-02       6.648494023133e+13 
       4.986833028287e-02       4.703238970622e+13 
       5.027221807338e-02       3.217475386067e+13 
       5.069199395222e-02       2.113431948217e+13 
       5.112915574355e-02       1.319233052692e+13 
       5.158540624474e-02       7.703646393579e+12 
       5.206268990896e-02       4.101039597656e+12 
       5.256323750712e-02       1.898367841446e+12 
       5.308962074954e-02       6.889594116154e+11 
       5.364481936342e-02       1.426243682698e+11 
       5.423230375338e-02       2.593155712065e+08 
       5.485613711680e-02       6.766207854949e+10 
       5.552110170424e-02       2.090189140362e+11 
       5.623285468670e-02       3.398627571935e+11 
       5.699811952417e-02       4.178907256186e+11 
       5.782491818766e-02       4.328710086711e+11 
       5.872284677616e-02       3.954063024109e+11 
       5.970338948673e-02       3.258810175696e+11 
       6.078024897490e-02       2.455211150205e+11 
       6.196963723152e-02       1.702054185722e+11 
       6.329040924938e-02       1.084817682379e+11 
       6.476382162618e-02       6.265878403008e+10 
       6.641256641328e-02       3.160830665599e+10 
       6.825863162106e-02       1.304324208220e+10 
       7.031965857944e-02       3.982451660301e+09 
       7.260409879939e-02       7.284161847833e+08 
       7.510670885911e-02       2.790173436408e+07 
       7.780697715484e-02       2.348384633457e+07 
       8.067233244361e-02       5.094340638768e+07 
       8.366508312807e-02       2.857209802007e+07 
       8.674957563134e-02       5.978213896477e+06 
       8.989660890729e-02       4.827310878431e+03 
       9.308459989054e-02       1.992204169948e+06 
       9.629868477208e-02       4.742332384887e+06 
       9.952909633767e-02       5.979019148856e+06 
       1.027696074748e-01       5.682665295663e+06 
       1.060163229340e-01       4.515166277036e+06 
       1.092668346881e-01       3.121177069239e+06 
       1.125196647893e-01       1.904904806773e+06 
       1.157739100419e-01       1.029840086104e+06 
       1.190290198651e-01       4.883224868065e+05 
       1.222846590678e-01       1.962328337532e+05 
       1.255406236857e-01       6.237496614465e+04 
       1.287967895844e-01       1.334759523585e+04 
       1.320530811530e-01       9.525209897206e+02 
       1.353094522660e-01       2.852603039295e+02 
       1.385658747149e-01       1.598758926470e+03 
       1.418223311819e-01       2.323410621282e+03 
       1.450788109750e-01       2.340560166650e+03 
       1.483353074366e-01       2.011138694142e+03 
       1.515918163714e-01       1.611112513684e+03 
       1.548483350899e-01       1.271033162971e+03 
       1.581048618278e-01       1.029991318269e+03 
       1.613613953924e-01       8.866533301508e+02 
       1.646179349469e-01       8.276901123665e+02 
       1.678744798791e-01       8.384313216365e+02 
       1.711310297208e-01       9.048802028492e+02 
       1.743875840979e-01       1.012121447857e+03 
       1.776441427001e-01       1.143122738652e+03 
       1.809007052615e-01       1.279735988666e+03 
       1.841572715486e-01       1.405383302728e+03 
       1.874138413523e-01       1.507826036429e+03 
       1.906704144828e-01       1.580536054314e+03 
       1.939269907663e-01       1.621161933526e+03 
       1.971835700422e-01       1.631776075003e+03 
       2.004401521619e-01       1.616868156275e+03 
       2.036967369866e-01       1.582132197781e+03 
       2.069533243870e-01       1.533536667475e+03 
       2.102099142422e-01       1.476783523002e+03 
       2.134665064386e-01       1.416854285854e+03 
       2.167231008698e-01       1.357785387897e+03 
       2.199796974357e-01       1.302550897377e+03 
       2.232362960422e-01       1.253113008512e+03 
       2.264928966006e-01       1.210524271704e+03 
       2.297494990272e-01       1.175102978482e+03 
       2.330061032432e-01       1.146586058855e+03 
       2.362627091741e-01       1.124252988711e+03 
       2.395193167494e-01       1.107055507797e+03 
       2.427759259026e-01       1.093715021787e+03 
       2.460325365705e-01       1.082840270549e+03 
       2.492891486934e-01       1.073038259807e+03 
       2.525457622147e-01       1.063034430650e+03 
       2.558023770806e-01       1.051784465671e+03 
       2.590589932402e-01       1.038546791352e+03 
       2.623156106448e-01       1.022924396160e+03 
       2.655722292485e-01       1.004844740252e+03 
       2.688288490073e-01       9.844966925769e+02 
       2.720854698796e-01       9.622865004292e+02 
       2.753420918257e-01       9.387483189095e+02 
       2.785987148076e-01       9.145052719610e+02 
       2.818553387893e-01       8.902028537359e+02 
       2.851119637362e-01       8.664711805108e+02 
       2.883685896156e-01       8.438596810632e+02 
       2.916252163959e-01       8.227944457117e+02 
       2.948818440473e-01       8.035382360085e+02 
       2.981384725409e-01       7.861852698205e+02 
       3.013951018493e-01       7.706609686096e+02 
       3.046517319463e-01       7.567651724804e+02 
       3.079083628068e-01       7.442079012198e+02 
       3.111649944065e-01       7.326576705215e+02 
       3.144216267225e-01       7.217743069143e+02 
       3.176782597325e-01       7.112364414935e+02 
       3.209348934154e-01       7.007600051533e+02 
       3.241915277508e-01       6.901047974545e+02 
       3.274481627191e-01       6.790971284115e+02 
       3.307047983015e-01       6.676480242537e+02 
       3.339614344800e-01       6.557348538755e+02 
       3.372180712372e-01       6.434281623844e+02 
       3.404747085564e-01       6.308557489427e+02 
       3.437313464216e-01       6.181885508105e+02 
       3.469879848173e-01       6.056078221275e+02 
       3.502446237288e-01       5.932830007414e+02 
       3.535012631415e-01       5.813523617821e+02 
       3.567579030418e-01       5.699219975302e+02 
       3.600145434164e-01       5.590651142767e+02 
       3.632711842525e-01       5.488200270462e+02 
       3.665278255376e-01       5.391937855406e+02 
       3.697844672599e-01       5.301575081927e+02 
       3.730411094079e-01       5.216534801177e+02 
       3.762977519705e-01       5.135910601789e+02 
       3.795543949370e-01       5.058644916998e+02 
       3.828110382970e-01       4.983567506988e+02 
       3.860676820405e-01       4.909706162835e+02 
       3.893243261578e-01       4.836282141154e+02 
       3.925809706397e-01       4.762758863260e+02 
       3.958376154770e-01       4.688934321331e+02 
       3.990942606611e-01       4.614751875997e+02 
       4.023509061835e-01       4.540367413954e+02 
       4.056075520359e-01       4.465942537439e+02 
       4.088641982106e-01       4.391880818778e+02 
       4.121208446997e-01       4.318535528306e+02 
       4.153774914960e-01       4.246356008155e+02 
       4.186341385922e-01       4.175805969519e+02 
       4.218907859812e-01       4.107289649048e+02 
       4.251474336565e-01       4.041096893649e+02 
       4.284040816114e-01       3.977354411767e+02 
       4.316607298395e-01       3.916026985141e+02 
       4.349173783347e-01       3.856966396624e+02 
       4.381740270911e-01       3.799958034973e+02 
       4.414306761028e-01       3.744772133075e+02 
       4.446873253641e-01       3.691189984115e+02 
       4.479439748697e-01       3.639004720135e+02 
       4.512006246143e-01       3.587996264601e+02 
       4.544572745926e-01       3.537942660605e+02 
       4.577139247996e-01       3.488611279520e+02 
       4.609705752306e-01       3.439801647402e+02 
       4.642272258807e-01       3.391379103277e+02 
       4.674838767454e-01       3.343298149575e+02 
       4.707405278202e-01       3.295595846275e+02 
       4.739971791007e-01       3.248379701104e+02 
       4.772538305828e-01       3.201762452651e+02 
       4.805104822623e-01       3.155866200587e+02 
       4.837671341352e-01       3.110773294621e+02 
       4.870237861976e-01       3.066551936768e+02 
       4.902804384458e-01       3.023263221480e+02 
       4.935370908760e-01       2.980981841849e+02 
       4.967937434846e-01       2.939772746204e+02 
       5.000503962683e-01       2.899681004271e+02 
       5.033070492234e-01       2.860717262482e+02 
       5.065637023468e-01       2.822826201105e+02 
       5.098203556352e-01       2.785904175545e+02 
       5.130770090855e-01       2.749821125441e+02 
       5.163336626945e-01       2.714441927598e+02 
       5.195903164593e-01       2.679661260628e+02 
       5.228469703769e-01       2.645408252258e+02 
       5.261036244446e-01       2.611641857983e+02 
       5.293602786595e-01       2.578338338576e+02 
       5.326169330189e-01       2.545471768387e+02 
       5.358735875202e-01       2.513014517913e+02 
       5.391302421608e-01       2.480945422007e+02 
       5.423868969382e-01       2.449270111486e+02 
       5.456435518499e-01       2.418026039353e+02 
       5.489002068936e-01       2.387263472706e+02 
       5.521568620668e-01       2.357045881619e+02 
       5.554135173674e-01       2.327421872455e+02 
       5.586701727930e-01       2.298420941016e+02 
       5.619268283415e-01       2.270025234197e+02 
       5.651834840107e-01       2.242206107147e+02 
       5.684401397987e-01       2.214924359931e+02 
       5.716967957033e-01       2.188160440258e+02 
       5.749534517225e-01       2.161897336146e+02 
       5.782101078545e-01       2.136126397754e+02 
       5.814667640972e-01       2.110831930411e+02 
       5.847234204490e-01       2.085993646548e+02 
       5.879800769078e-01       2.061558888270e+02 
       5.912367334721e-01       2.037495285276e+02 
       5.944933901399e-01       2.013758436803e+02 
       5.977500469097e-01       1.990337770472e+02 
       6.010067037798e-01       1.967233506910e+02 
       6.042633607485e-01       1.944460751912e+02 
       6.075200178143e-01       1.922034826578e+02 
       6.107766749756e-01       1.899963066475e+02 
       6.140333322308e-01       1.878228725048e+02 
       6.172899895785e-01       1.856821182433e+02 
       6.205466470173e-01       1.835730032173e+02 
       6.238033045456e-01       1.814953032290e+02 
       6.270599621622e-01       1.794504427752e+02 
       6.303166198656e-01       1.774399486373e+02 
