# Matter power spectrum P(k) at redshift z=0
# for k=1.0455e-05 to 0.630534 h/Mpc,
# number of wavenumbers equal to 559
#    1:k (h/Mpc)              2:P (Mpc/h)^3        
       1.045502190352e-05       5.248985479284e+01 
       2.345441606625e-05       1.141828637612e+02 
       3.650012048881e-05       1.747206754712e+02 
       4.962788504237e-05       2.347901360241e+02 
       6.287405951073e-05       2.947779017548e+02 
       7.627592367555e-05       3.549716268948e+02 
       8.987202811233e-05       4.156160553518e+02 
       1.037025503081e-04       4.769359032135e+02 
       1.178096707459e-04       5.391475682157e+02 
       1.322379736369e-04       6.024661727683e+02 
       1.470348769806e-04       6.671104480704e+02 
       1.622510965668e-04       7.333065101313e+02 
       1.779411483237e-04       8.012910832768e+02 
       1.941638930002e-04       8.713144210744e+02 
       2.109831264269e-04       9.436431180460e+02 
       2.284682173870e-04       1.018562862677e+03 
       2.466947932597e-04       1.096381206849e+03 
       2.657454708177e-04       1.177430346768e+03 
       2.857106255763e-04       1.262069889809e+03 
       3.066891875273e-04       1.350689572105e+03 
       3.287894435280e-04       1.443711826416e+03 
       3.521298166163e-04       1.541594051285e+03 
       3.768395796892e-04       1.644830404617e+03 
       4.030594450627e-04       1.753952884363e+03 
       4.309419525431e-04       1.869531279139e+03 
       4.606515574819e-04       1.992171708902e+03 
       4.923642985711e-04       2.122513190040e+03 
       5.262669059450e-04       2.261221633862e+03 
       5.625551983808e-04       2.408980929138e+03 
       6.014316208227e-04       2.566480358049e+03 
       6.431017984332e-04       2.734398109748e+03 
       6.877700394195e-04       2.913381018183e+03 
       7.356338121204e-04       3.104020325400e+03 
       7.868773522801e-04       3.306825161111e+03 
       8.416647137348e-04       3.522194398450e+03 
       9.001327364924e-04       3.750389948120e+03 
       9.623845349426e-04       3.991513108415e+03 
       1.028484165185e-03       4.245487292466e+03 
       1.098453081357e-03       4.512049769246e+03 
       1.172268825680e-03       4.790752386022e+03 
       1.249866136926e-03       5.080974421625e+03 
       1.331140358256e-03       5.381942740583e+03 
       1.415952744549e-03       5.692730119126e+03 
       1.504137071098e-03       6.012366458338e+03 
       1.595506863749e-03       6.339819765684e+03 
       1.689862605035e-03       6.674022305726e+03 
       1.786998393189e-03       7.013910325666e+03 
       1.886707698737e-03       7.358447320330e+03 
       1.988788035531e-03       7.706642754880e+03 
       2.093044510005e-03       8.057564742217e+03 
       2.199292319381e-03       8.410349498491e+03 
       2.307358334374e-03       8.764203079405e+03 
       2.417081930918e-03       9.118407192859e+03 
       2.528315238079e-03       9.472311117850e+03 
       2.640922955419e-03       9.825335370553e+03 
       2.754781870813e-03       1.017696438990e+04 
       2.869780184702e-03       1.052674059755e+04 
       2.985816722790e-03       1.087427007845e+04 
       3.102800098040e-03       1.121919539031e+04 
       3.220647865302e-03       1.156121233264e+04 
       3.339285698042e-03       1.190005492558e+04 
       3.458646606030e-03       1.223549747361e+04 
       3.578670205040e-03       1.256733793468e+04 
       3.699302043992e-03       1.289540991642e+04 
       3.820492991104e-03       1.321956934803e+04 
       3.942198678025e-03       1.353968875265e+04 
       4.064378999279e-03       1.385567530179e+04 
       4.186997663430e-03       1.416743405655e+04 
       4.310021791847e-03       1.447489680891e+04 
       4.433421560840e-03       1.477800847719e+04 
       4.557169882967e-03       1.507672075917e+04 
       4.681242123494e-03       1.537100755969e+04 
       4.805615848282e-03       1.566078317488e+04 
       4.930270599643e-03       1.594614227325e+04 
       5.055187697032e-03       1.622698574061e+04 
       5.180350059777e-03       1.650334061890e+04 
       5.305742049301e-03       1.677528906043e+04 
       5.431349328599e-03       1.704275883660e+04 
       5.557158736975e-03       1.730576516203e+04 
       5.683158178278e-03       1.756432905929e+04 
       5.809336521071e-03       1.781839567164e+04 
       5.935683509363e-03       1.806767325545e+04 
       6.062189682703e-03       1.831299981612e+04 
       6.188846304553e-03       1.855396418193e+04 
       6.315645298016e-03       1.879060227248e+04 
       6.442579188090e-03       1.902289826979e+04 
       6.569641049711e-03       1.925098581968e+04 
       6.696824460961e-03       1.947479868492e+04 
       6.824123460868e-03       1.969446128432e+04 
       6.951532511286e-03       1.990997959363e+04 
       7.079046462449e-03       2.012144065284e+04 
       7.206660521771e-03       2.032902665181e+04 
       7.334370225578e-03       2.053216552461e+04 
       7.462171413454e-03       2.073175073194e+04 
       7.590060204930e-03       2.092702876320e+04 
       7.718032978284e-03       2.111887193719e+04 
       7.846086351238e-03       2.130636142637e+04 
       7.974217163351e-03       2.149017455233e+04 
       8.102422459961e-03       2.167010683988e+04 
       8.230699477505e-03       2.184611278296e+04 
       8.359045630096e-03       2.201872811309e+04 
       8.487458497233e-03       2.218830082834e+04 
       8.615935812535e-03       2.235340688987e+04 
       8.744475453410e-03       2.251494301857e+04 
       8.873075431567e-03       2.267290713244e+04 
       9.001733884290e-03       2.282731307613e+04 
       9.130449066420e-03       2.297736061418e+04 
       9.259219342965e-03       2.312489730760e+04 
       9.388043182294e-03       2.326913352434e+04 
       9.516919149855e-03       2.340962523837e+04 
       9.645845902385e-03       2.354773035190e+04 
       9.774822182556e-03       2.368175922834e+04 
       9.903846814025e-03       2.381259936734e+04 
       1.003291869686e-02       2.393911640714e+04 
       1.016203680330e-02       2.406339289792e+04 
       1.029120017384e-02       2.418540251004e+04 
       1.042040791358e-02       2.430247726340e+04 
       1.054965918888e-02       2.441826858155e+04 
       1.067895322420e-02       2.452911808446e+04 
       1.080828929922e-02       2.463845644045e+04 
       1.093766674613e-02       2.474477141861e+04 
       1.106708494715e-02       2.484710108944e+04 
       1.119654333217e-02       2.494632270017e+04 
       1.132604137663e-02       2.504335954838e+04 
       1.145557859945e-02       2.513819343750e+04 
       1.158515456123e-02       2.523016991146e+04 
       1.171476886247e-02       2.531804605944e+04 
       1.184442114193e-02       2.540370944812e+04 
       1.197411107521e-02       2.548762911353e+04 
       1.210383837325e-02       2.556808235266e+04 
       1.223360278111e-02       2.564578275713e+04 
       1.236340407673e-02       2.572006433215e+04 
       1.249324206979e-02       2.579347278858e+04 
       1.262311660070e-02       2.586208480136e+04 
       1.275302753961e-02       2.592928271127e+04 
       1.288297478552e-02       2.599537680643e+04 
       1.301295826545e-02       2.605786644206e+04 
       1.314297793367e-02       2.611762287308e+04 
       1.327303377098e-02       2.617383057827e+04 
       1.340312578405e-02       2.622879097383e+04 
       1.353325400482e-02       2.628285753178e+04 
       1.366341848996e-02       2.633316506348e+04 
       1.379361932031e-02       2.637991027189e+04 
       1.392385660046e-02       2.642565298289e+04 
       1.405413045830e-02       2.647051528151e+04 
       1.418444104463e-02       2.651094226668e+04 
       1.431478853281e-02       2.655078459819e+04 
       1.444517311843e-02       2.658763933572e+04 
       1.457559501907e-02       2.662081517110e+04 
       1.470605447398e-02       2.665489531066e+04 
       1.483655174393e-02       2.668526140783e+04 
       1.496708711095e-02       2.671339324431e+04 
       1.509766087821e-02       2.673860404874e+04 
       1.522827336988e-02       2.676440552317e+04 
       1.535892493098e-02       2.678662459303e+04 
       1.548961592732e-02       2.680622540584e+04 
       1.562034674546e-02       2.682542487595e+04 
       1.575111779260e-02       2.684146244021e+04 
       1.588192949662e-02       2.685513121544e+04 
       1.601278230605e-02       2.686838689924e+04 
       1.614367669013e-02       2.687898704736e+04 
       1.627461313879e-02       2.688854190999e+04 
       1.640559216277e-02       2.689567412058e+04 
       1.653661429368e-02       2.690126601111e+04 
       1.666768008409e-02       2.690561684181e+04 
       1.679879010766e-02       2.690777724042e+04 
       1.692994495930e-02       2.690684808320e+04 
       1.706114525527e-02       2.690640202121e+04 
       1.719239163341e-02       2.690278576089e+04 
       1.732368475329e-02       2.689860223852e+04 
       1.745502529643e-02       2.689174416344e+04 
       1.758641396653e-02       2.688374430588e+04 
       1.771785148971e-02       2.687522336221e+04 
       1.784933861475e-02       2.686332752933e+04 
       1.798087611340e-02       2.685061599800e+04 
       1.811246478063e-02       2.683773224262e+04 
       1.824410543496e-02       2.682145912507e+04 
       1.837579891878e-02       2.680485028912e+04 
       1.850754609871e-02       2.678588111026e+04 
       1.863934786590e-02       2.676600877910e+04 
       1.877120513648e-02       2.674456057252e+04 
       1.890311885190e-02       2.672217368025e+04 
       1.903508997937e-02       2.669820540918e+04 
       1.916711951225e-02       2.667289859746e+04 
       1.929920847052e-02       2.664685254673e+04 
       1.943135790125e-02       2.661855494994e+04 
       1.956356887905e-02       2.658903394239e+04 
       1.969584250658e-02       2.655921213211e+04 
       1.982817991508e-02       2.652735501701e+04 
       1.996058226490e-02       2.649470219835e+04 
       2.009305074603e-02       2.646044788560e+04 
       2.022558657870e-02       2.642469029846e+04 
       2.035819101396e-02       2.638821646721e+04 
       2.049086533430e-02       2.635081560220e+04 
       2.062361085429e-02       2.631219943340e+04 
       2.075642892123e-02       2.627238902478e+04 
       2.088932091580e-02       2.623142298435e+04 
       2.102228825282e-02       2.619002185877e+04 
       2.115533238193e-02       2.614648512084e+04 
       2.128845478831e-02       2.610240793939e+04 
       2.142165699354e-02       2.605747123390e+04 
       2.155494055628e-02       2.601142294938e+04 
       2.168830707319e-02       2.596444143431e+04 
       2.182175817971e-02       2.591647173496e+04 
       2.195529555095e-02       2.586827849625e+04 
       2.208892090262e-02       2.581777390497e+04 
       2.222263599189e-02       2.576748452817e+04 
       2.235644261843e-02       2.571563063980e+04 
       2.249034262531e-02       2.566313033381e+04 
       2.262433790009e-02       2.560982958077e+04 
       2.275843037583e-02       2.555565709064e+04 
       2.289262203217e-02       2.550081394601e+04 
       2.302691489648e-02       2.544504862990e+04 
       2.316131104496e-02       2.538840955941e+04 
       2.329581260387e-02       2.533105070636e+04 
       2.343042175073e-02       2.527299085043e+04 
       2.356514071558e-02       2.521424943519e+04 
       2.369997178231e-02       2.515504279890e+04 
       2.383491728995e-02       2.509440397684e+04 
       2.396997963412e-02       2.503343192723e+04 
       2.410516126841e-02       2.497177193571e+04 
       2.424046470587e-02       2.490948394081e+04 
       2.437589252055e-02       2.484654363087e+04 
       2.451144734904e-02       2.478298447716e+04 
       2.464713189211e-02       2.471876952103e+04 
       2.478294891637e-02       2.465395935284e+04 
       2.491890125604e-02       2.458854621356e+04 
       2.505499181466e-02       2.452264569051e+04 
       2.519122356701e-02       2.445598016965e+04 
       2.532759956096e-02       2.438891763544e+04 
       2.546412291948e-02       2.432131489943e+04 
       2.560079684264e-02       2.425314949304e+04 
       2.573762460970e-02       2.418448305818e+04 
       2.587460958134e-02       2.411526369062e+04 
       2.601175520184e-02       2.404564172336e+04 
       2.614906500145e-02       2.397550275301e+04 
       2.628654259874e-02       2.390515176707e+04 
       2.642419170314e-02       2.383411300717e+04 
       2.656201611748e-02       2.376258212823e+04 
       2.670001974063e-02       2.369067219628e+04 
       2.683820657029e-02       2.361832010292e+04 
       2.697658070583e-02       2.354565592825e+04 
       2.711514635122e-02       2.347257127850e+04 
       2.725390781810e-02       2.339890808530e+04 
       2.739286952895e-02       2.332530260122e+04 
       2.753203602037e-02       2.325111605445e+04 
       2.767141194648e-02       2.317636172567e+04 
       2.781100208242e-02       2.310162466731e+04 
       2.795081132806e-02       2.302641328077e+04 
       2.809084471174e-02       2.295103113115e+04 
       2.823110739424e-02       2.287496079960e+04 
       2.837160467284e-02       2.279897827224e+04 
       2.851234198558e-02       2.272272563165e+04 
       2.865332491565e-02       2.264603016974e+04 
       2.879455919594e-02       2.256917798652e+04 
       2.893605071384e-02       2.249183993963e+04 
       2.907780551615e-02       2.241461290991e+04 
       2.921982981420e-02       2.233686274094e+04 
       2.936212998920e-02       2.225906100329e+04 
       2.950471259779e-02       2.218106558664e+04 
       2.964758437784e-02       2.210263012211e+04 
       2.979075225440e-02       2.202437647424e+04 
       2.993422334603e-02       2.194552332305e+04 
       3.007800497127e-02       2.186685673079e+04 
       3.022210465548e-02       2.178769495396e+04 
       3.036653013787e-02       2.170853314771e+04 
       3.051128937890e-02       2.162922715000e+04 
       3.065639056799e-02       2.154976230010e+04 
       3.080184213156e-02       2.147014132862e+04 
       3.094765274138e-02       2.139044100000e+04 
       3.109383132333e-02       2.131059462218e+04 
       3.124038706658e-02       2.123058304388e+04 
       3.138732943310e-02       2.115051718478e+04 
       3.153466816765e-02       2.107034708477e+04 
       3.168241330826e-02       2.098997205225e+04 
       3.183057519708e-02       2.090975451307e+04 
       3.197916449189e-02       2.082925246862e+04 
       3.212819217802e-02       2.074856548274e+04 
       3.227766958090e-02       2.066793697274e+04 
       3.242760837919e-02       2.058728698436e+04 
       3.257802061856e-02       2.050650564285e+04 
       3.272891872611e-02       2.042580114368e+04 
       3.288031552558e-02       2.034495487896e+04 
       3.303222425318e-02       2.026392078386e+04 
       3.318465857438e-02       2.018294059787e+04 
       3.333763260141e-02       2.010189706345e+04 
       3.349116091173e-02       2.002093239877e+04 
       3.364525856747e-02       1.993997197005e+04 
       3.379994113583e-02       1.985890811307e+04 
       3.395522471062e-02       1.977773205762e+04 
       3.411112593489e-02       1.969669540032e+04 
       3.426766202487e-02       1.961553247742e+04 
       3.442485079509e-02       1.953438664871e+04 
       3.458271068503e-02       1.945314381796e+04 
       3.474126078714e-02       1.937203937672e+04 
       3.490052087652e-02       1.929083415704e+04 
       3.506051144224e-02       1.920976678721e+04 
       3.522125372050e-02       1.912871942104e+04 
       3.538276972975e-02       1.904751567513e+04 
       3.554508230778e-02       1.896631444356e+04 
       3.570821515116e-02       1.888512688295e+04 
       3.587219285697e-02       1.880406544657e+04 
       3.603704096711e-02       1.872294480305e+04 
       3.620278601538e-02       1.864184989417e+04 
       3.636945557745e-02       1.856086711099e+04 
       3.653707832407e-02       1.847977167170e+04 
       3.670568407763e-02       1.839873046677e+04 
       3.687530387248e-02       1.831766357865e+04 
       3.704597001909e-02       1.823677622272e+04 
       3.721771617265e-02       1.815573869990e+04 
       3.739057740621e-02       1.807476815334e+04 
       3.756459028882e-02       1.799392393351e+04 
       3.773979296913e-02       1.791294856156e+04 
       3.791622526490e-02       1.783201637260e+04 
       3.809392875877e-02       1.775117521807e+04 
       3.827294690112e-02       1.767020843642e+04 
       3.845332512033e-02       1.758944205942e+04 
       3.863511094129e-02       1.750848704481e+04 
       3.881835411289e-02       1.742773092049e+04 
       3.900310674517e-02       1.734689718497e+04 
       3.918942345723e-02       1.726600774209e+04 
       3.937736153670e-02       1.718520284510e+04 
       3.956698111205e-02       1.710420954902e+04 
       3.975834533882e-02       1.702347222851e+04 
       3.995152060135e-02       1.694253783310e+04 
       4.014657673126e-02       1.686166547259e+04 
       4.034358724470e-02       1.678074816076e+04 
       4.054262960002e-02       1.669969431010e+04 
       4.074378547820e-02       1.661881553205e+04 
       4.094714108840e-02       1.653765281650e+04 
       4.115278750122e-02       1.645670021406e+04 
       4.136082101298e-02       1.637546696917e+04 
       4.157134354424e-02       1.629430535253e+04 
       4.178446307658e-02       1.621300273959e+04 
       4.200029413214e-02       1.613162250762e+04 
       4.221895830076e-02       1.605001728703e+04 
       4.244058482069e-02       1.596862091751e+04 
       4.266531121929e-02       1.588678838380e+04 
       4.289328402119e-02       1.580501524122e+04 
       4.312465953262e-02       1.572303562505e+04 
       4.335960471172e-02       1.564088888945e+04 
       4.359829813616e-02       1.555856971792e+04 
       4.384093108135e-02       1.547615137986e+04 
       4.408770872443e-02       1.539335900751e+04 
       4.433885149174e-02       1.531046270698e+04 
       4.459459657042e-02       1.522739717361e+04 
       4.485519960833e-02       1.514393081001e+04 
       4.512093663052e-02       1.506020638187e+04 
       4.539210620564e-02       1.497615193768e+04 
       4.566903190142e-02       1.489177897284e+04 
       4.595206507600e-02       1.480713120548e+04 
       4.624158806015e-02       1.472226541849e+04 
       4.653801779658e-02       1.463638013889e+04 
       4.684181001528e-02       1.455048207387e+04 
       4.715346403980e-02       1.446383864101e+04 
       4.747352833919e-02       1.437689319029e+04 
       4.780260696448e-02       1.428928667517e+04 
       4.814136703867e-02       1.420098695610e+04 
       4.849054750698e-02       1.411195938258e+04 
       4.885096940078e-02       1.402213982654e+04 
       4.922354792787e-02       1.393156546041e+04 
       4.960930677625e-02       1.383962129434e+04 
       5.000939511254e-02       1.374712726155e+04 
       5.042510787606e-02       1.365319994687e+04 
       5.085791012172e-02       1.355833107083e+04 
       5.130946635905e-02       1.346216090926e+04 
       5.178167608196e-02       1.336465780554e+04 
       5.227671699845e-02       1.326519938369e+04 
       5.279709786757e-02       1.316381480370e+04 
       5.334572334904e-02       1.306042146204e+04 
       5.392597388259e-02       1.295461587562e+04 
       5.454180434063e-02       1.284553312686e+04 
       5.519786600713e-02       1.273438959180e+04 
       5.589965722344e-02       1.261862653215e+04 
       5.665370854901e-02       1.249939531042e+04 
       5.746780794398e-02       1.237454061107e+04 
       5.835126912190e-02       1.224384809647e+04 
       5.931523957132e-02       1.210565429086e+04 
       6.037302961288e-02       1.195828997891e+04 
       6.154041311767e-02       1.179935019983e+04 
       6.283579364421e-02       1.162623501531e+04 
       6.428003579621e-02       1.143426465179e+04 
       6.589563287346e-02       1.121892487633e+04 
       6.770477080312e-02       1.097353086389e+04 
       6.972591866478e-02       1.069116152082e+04 
       7.196911589165e-02       1.036361954726e+04 
       7.443129139582e-02       9.987217405270e+03 
       7.709411892408e-02       9.561088679754e+03 
       7.992651322471e-02       9.091049273902e+03 
       8.289119293313e-02       8.590483633730e+03 
       8.595200671439e-02       8.077400882319e+03 
       8.907881185089e-02       7.571379978531e+03 
       9.224904760356e-02       7.090590017921e+03 
       9.544704422060e-02       6.649661446204e+03 
       9.866244750593e-02       6.258295054176e+03 
       1.018886327093e-01       5.921158761566e+03 
       1.051214466706e-01       5.637936811675e+03 
       1.083583184232e-01       5.404944815188e+03 
       1.115976687068e-01       5.214839951069e+03 
       1.148385319370e-01       5.058475953458e+03 
       1.180803193363e-01       4.925787338631e+03 
       1.213226724096e-01       4.806746614102e+03 
       1.245653730036e-01       4.691644438593e+03 
       1.278082883538e-01       4.572939629804e+03 
       1.310513376038e-01       4.444410319037e+03 
       1.342944714391e-01       4.303452086025e+03 
       1.375376597121e-01       4.149458299422e+03 
       1.407808839251e-01       3.984154287046e+03 
       1.440241326668e-01       3.811503755950e+03 
       1.472673988407e-01       3.636119382293e+03 
       1.505106779824e-01       3.463360287774e+03 
       1.537539672370e-01       3.298092141515e+03 
       1.569972647377e-01       3.144493781072e+03 
       1.602405692277e-01       3.005603192972e+03 
       1.634838798294e-01       2.883107447920e+03 
       1.667271959046e-01       2.777428962731e+03 
       1.699705169674e-01       2.687732840558e+03 
       1.732138426320e-01       2.612221225394e+03 
       1.764571725797e-01       2.548379662332e+03 
       1.797005065383e-01       2.493076512650e+03 
       1.829438442694e-01       2.443290637731e+03 
       1.861871855600e-01       2.396251136608e+03 
       1.894305302172e-01       2.349211519520e+03 
       1.926738780643e-01       2.299680747781e+03 
       1.959172289384e-01       2.246221281976e+03 
       1.991605826885e-01       2.188117442366e+03 
       2.024039391742e-01       2.125515210533e+03 
       2.056472982641e-01       2.059442297930e+03 
       2.088906598357e-01       1.991217611077e+03 
       2.121340237741e-01       1.922655189295e+03 
       2.153773899712e-01       1.855350310279e+03 
       2.186207583258e-01       1.790779556333e+03 
       2.218641287425e-01       1.730246339785e+03 
       2.251075011315e-01       1.674391432274e+03 
       2.283508754082e-01       1.623831129363e+03 
       2.315942514926e-01       1.578654852246e+03 
       2.348376293093e-01       1.538646028910e+03 
       2.380810087872e-01       1.503267345230e+03 
       2.413243898586e-01       1.471827816746e+03 
       2.445677724599e-01       1.443378224686e+03 
       2.478111565305e-01       1.416889766031e+03 
       2.510545420132e-01       1.391353398528e+03 
       2.542979288535e-01       1.365961817138e+03 
       2.575413170000e-01       1.340004757929e+03 
       2.607847064034e-01       1.313022697774e+03 
       2.640280970173e-01       1.284928332179e+03 
       2.672714887972e-01       1.255665089819e+03 
       2.705148817011e-01       1.225469513479e+03 
       2.737582756886e-01       1.194641046183e+03 
       2.770016707216e-01       1.163710128132e+03 
       2.802450667635e-01       1.133053210454e+03 
       2.834884637795e-01       1.103308410588e+03 
       2.867318617364e-01       1.074841915805e+03 
       2.899752606023e-01       1.048052482704e+03 
       2.932186603471e-01       1.023124957539e+03 
       2.964620609416e-01       1.000148988193e+03 
       2.997054623581e-01       9.790468159263e+02 
       3.029488645702e-01       9.596104252412e+02 
       3.061922675523e-01       9.415503941838e+02 
       3.094356712802e-01       9.246503980515e+02 
       3.126790757305e-01       9.085816977151e+02 
       3.159224808808e-01       8.930736784253e+02 
       3.191658867097e-01       8.778051965017e+02 
       3.224092931967e-01       8.626120493886e+02 
       3.256527003219e-01       8.472670804505e+02 
       3.288961080664e-01       8.317225667986e+02 
       3.321395164120e-01       8.158944533522e+02 
       3.353829253411e-01       7.999112693326e+02 
       3.386263348369e-01       7.838191471324e+02 
       3.418697448831e-01       7.677847484425e+02 
       3.451131554643e-01       7.519504085837e+02 
       3.483565665653e-01       7.364910909654e+02 
       3.515999781717e-01       7.215084129193e+02 
       3.548433902697e-01       7.071114140838e+02 
       3.580868028457e-01       6.933372453116e+02 
       3.613302158869e-01       6.802610848363e+02 
       3.645736293808e-01       6.678749732043e+02 
       3.678170433154e-01       6.561651588651e+02 
       3.710604576790e-01       6.450331079975e+02 
       3.743038724604e-01       6.344354421917e+02 
       3.775472876489e-01       6.242076341594e+02 
       3.807907032340e-01       6.142950877353e+02 
       3.840341192055e-01       6.045597820594e+02 
       3.872775355539e-01       5.949557144107e+02 
       3.905209522695e-01       5.854270116543e+02 
       3.937643693434e-01       5.759663218408e+02 
       3.970077867666e-01       5.665319604388e+02 
       4.002512045307e-01       5.571385972280e+02 
       4.034946226275e-01       5.478031810097e+02 
       4.067380410488e-01       5.385448537639e+02 
       4.099814597871e-01       5.294043151842e+02 
       4.132248788347e-01       5.204208897132e+02 
       4.164682981845e-01       5.116450722332e+02 
       4.197117178294e-01       5.031080606883e+02 
       4.229551377626e-01       4.948518153954e+02 
       4.261985579775e-01       4.868633406977e+02 
       4.294419784676e-01       4.791439848424e+02 
       4.326853992269e-01       4.716766174209e+02 
       4.359288202491e-01       4.644591712461e+02 
       4.391722415286e-01       4.574763255390e+02 
       4.424156630596e-01       4.506941071720e+02 
       4.456590848365e-01       4.440959425318e+02 
       4.489025068542e-01       4.376526721225e+02 
       4.521459291073e-01       4.313488674871e+02 
       4.553893515908e-01       4.251499005764e+02 
       4.586327742997e-01       4.190414217633e+02 
       4.618761972295e-01       4.129872466014e+02 
       4.651196203753e-01       4.070015675561e+02 
       4.683630437327e-01       4.010983517621e+02 
       4.716064672973e-01       3.952503090740e+02 
       4.748498910649e-01       3.894959306798e+02 
       4.780933150313e-01       3.838270806784e+02 
       4.813367391925e-01       3.782626785620e+02 
       4.845801635445e-01       3.727910049709e+02 
       4.878235880835e-01       3.674386541860e+02 
       4.910670128059e-01       3.622099996268e+02 
       4.943104377080e-01       3.571134699313e+02 
       4.975538627862e-01       3.521595643972e+02 
       5.007972880372e-01       3.473337807010e+02 
       5.040407134575e-01       3.426342012799e+02 
       5.072841390440e-01       3.380478774208e+02 
       5.105275647934e-01       3.335577616223e+02 
       5.137709907027e-01       3.291622015497e+02 
       5.170144167689e-01       3.248473664348e+02 
       5.202578429889e-01       3.206081102447e+02 
       5.235012693599e-01       3.164382050198e+02 
       5.267446958792e-01       3.123324230956e+02 
       5.299881225440e-01       3.082938239254e+02 
       5.332315493516e-01       3.043000705415e+02 
       5.364749762995e-01       3.003584495217e+02 
       5.397184033851e-01       2.964623037783e+02 
       5.429618306059e-01       2.926409760742e+02 
       5.462052579595e-01       2.888758181633e+02 
       5.494486854435e-01       2.851787795061e+02 
       5.526921130557e-01       2.815543277988e+02 
       5.559355407938e-01       2.780009912857e+02 
       5.591789686556e-01       2.745159713800e+02 
       5.624223966390e-01       2.710982528622e+02 
       5.656658247418e-01       2.677446848221e+02 
       5.689092529620e-01       2.644554750107e+02 
       5.721526812977e-01       2.612306440564e+02 
       5.753961097468e-01       2.580689073143e+02 
       5.786395383074e-01       2.549672582318e+02 
       5.818829669777e-01       2.519209458329e+02 
       5.851263957558e-01       2.489245654218e+02 
       5.883698246400e-01       2.459740199986e+02 
       5.916132536285e-01       2.430670760233e+02 
       5.948566827196e-01       2.402022316789e+02 
       5.981001119116e-01       2.373820513273e+02 
       6.013435412028e-01       2.346060752000e+02 
       6.045869705918e-01       2.318732714773e+02 
       6.078304000769e-01       2.291830738361e+02 
       6.110738296565e-01       2.265313017782e+02 
       6.143172593292e-01       2.239180453271e+02 
       6.175606890935e-01       2.213435911521e+02 
       6.208041189480e-01       2.188098439920e+02 
       6.240475488912e-01       2.163184796487e+02 
       6.272909789218e-01       2.138708001068e+02 
       6.305344090385e-01       2.114598159860e+02 
