# Matter power spectrum P(k) at redshift z=0
# for k=1.01612e-05 to 0.610692 h/Mpc,
# number of wavenumbers equal to 559
#    1:k (h/Mpc)              2:P (Mpc/h)^3        
       1.016116750721e-05       4.214073403883e+01 
       2.281474729910e-05       9.461697962941e+01 
       3.551100314346e-05       1.472676057507e+02 
       4.828289662198e-05       2.002278335428e+02 
       6.116391329878e-05       2.536349405720e+02 
       7.418835089223e-05       3.076294522288e+02 
       8.739161632305e-05       3.623563135056e+02 
       1.008105354631e-04       4.179661308508e+02 
       1.144836794386e-04       4.746164666204e+02 
       1.284517113748e-04       5.324732096335e+02 
       1.427577574786e-04       5.917120374832e+02 
       1.574478063187e-04       6.525199753922e+02 
       1.725711400279e-04       7.150970766897e+02 
       1.881808008651e-04       7.796582188580e+02 
       2.043340960610e-04       8.464350354523e+02 
       2.210931430202e-04       9.156779803860e+02 
       2.385254556323e-04       9.876585180895e+02 
       2.567045704829e-04       1.062671433068e+03 
       2.757107089279e-04       1.141037219545e+03 
       2.956314670411e-04       1.223104514859e+03 
       3.165625200511e-04       1.309252502158e+03 
       3.386083207181e-04       1.399893181830e+03 
       3.618827618188e-04       1.495473367787e+03 
       3.865097612626e-04       1.596476218271e+03 
       4.126237142592e-04       1.703422044696e+03 
       4.403697406663e-04       1.816868102673e+03 
       4.699036380091e-04       1.937406956171e+03 
       5.013914333916e-04       2.065662990109e+03 
       5.350084135078e-04       2.202286573789e+03 
       5.709375055224e-04       2.347945385092e+03 
       6.093668884518e-04       2.503312469631e+03 
       6.504867414954e-04       2.669050714924e+03 
       6.944850888812e-04       2.845793730541e+03 
       7.415427840513e-04       3.034123431521e+03 
       7.918277878580e-04       3.234545213316e+03 
       8.454890258681e-04       3.447461991668e+03 
       9.026502388514e-04       3.673149097027e+03 
       9.634043394337e-04       3.911732186916e+03 
       1.027808825437e-03       4.163170652351e+03 
       1.095882752431e-03       4.427248496209e+03 
       1.167605628086e-03       4.703574290458e+03 
       1.242918376980e-03       4.991590429239e+03 
       1.321726277057e-03       5.290590538392e+03 
       1.403903539557e-03       5.599709231399e+03 
       1.489299039551e-03       5.918056306008e+03 
       1.577742631352e-03       6.244644091008e+03 
       1.669051503438e-03       6.578451029903e+03 
       1.763036120629e-03       6.918448587896e+03 
       1.859505434796e-03       7.263624386602e+03 
       1.958271186810e-03       7.613000646678e+03 
       2.059151247055e-03       7.965648225412e+03 
       2.161972036187e-03       8.320696277679e+03 
       2.266570128433e-03       8.677338288199e+03 
       2.372793170322e-03       9.034834520063e+03 
       2.480500255236e-03       9.392511335931e+03 
       2.589561886373e-03       9.749761265192e+03 
       2.699859644326e-03       1.010603663547e+04 
       2.811285655588e-03       1.046085341761e+04 
       2.923741938222e-03       1.081377518957e+04 
       3.037139682720e-03       1.116442000980e+04 
       3.151398510473e-03       1.151244908359e+04 
       3.266445739678e-03       1.185756546792e+04 
       3.382215678616e-03       1.219950868209e+04 
       3.498648958747e-03       1.253805106921e+04 
       3.615691914624e-03       1.287299410987e+04 
       3.733296013669e-03       1.320416717591e+04 
       3.851417336209e-03       1.353142152803e+04 
       3.970016104347e-03       1.385463130038e+04 
       4.089056257154e-03       1.417368589399e+04 
       4.208505069022e-03       1.448849856531e+04 
       4.328332807716e-03       1.479898944617e+04 
       4.448512428598e-03       1.510509598320e+04 
       4.569019301552e-03       1.540677158087e+04 
       4.689830967329e-03       1.570389967108e+04 
       4.810926920224e-03       1.599660298858e+04 
       4.932288414280e-03       1.628474454865e+04 
       5.053898290434e-03       1.656834054707e+04 
       5.175740822285e-03       1.684747568193e+04 
       5.297801578406e-03       1.712206094554e+04 
       5.420067299345e-03       1.739207622951e+04 
       5.542525787642e-03       1.765755789490e+04 
       5.665165809416e-03       1.791787473948e+04 
       5.787977006205e-03       1.817425936605e+04 
       5.910949815910e-03       1.842594859484e+04 
       6.034075401830e-03       1.867354613655e+04 
       6.157345588887e-03       1.891652987204e+04 
       6.280752806240e-03       1.915491576651e+04 
       6.404290035597e-03       1.938905437219e+04 
       6.527950764595e-03       1.961880096095e+04 
       6.651728944712e-03       1.984472894872e+04 
       6.775618953214e-03       2.006596553189e+04 
       6.899615558713e-03       2.028308310341e+04 
       7.023713889964e-03       2.049599478237e+04 
       7.147909407548e-03       2.070454856129e+04 
       7.272197878162e-03       2.090913989455e+04 
       7.396575351235e-03       2.110941358405e+04 
       7.521038137644e-03       2.130562466903e+04 
       7.645582790312e-03       2.149763310523e+04 
       7.770206086516e-03       2.168586887403e+04 
       7.894905011716e-03       2.186998658923e+04 
       8.019676744785e-03       2.205112313695e+04 
       8.144518644479e-03       2.222749315099e+04 
       8.269428237047e-03       2.240007931827e+04 
       8.394403204869e-03       2.256882305853e+04 
       8.519441376026e-03       2.273379019862e+04 
       8.644540714715e-03       2.289503660271e+04 
       8.769699312440e-03       2.305266179959e+04 
       8.894915379899e-03       2.320644022768e+04 
       9.020187239508e-03       2.335672561998e+04 
       9.145513318520e-03       2.350347239130e+04 
       9.270892142661e-03       2.364662694091e+04 
       9.396322330262e-03       2.378628061122e+04 
       9.521802586839e-03       2.392243300084e+04 
       9.647331700068e-03       2.405521367076e+04 
       9.772908535151e-03       2.418462053932e+04 
       9.898532030511e-03       2.431061632393e+04 
       1.002420119381e-02       2.443334975147e+04 
       1.014991509827e-02       2.455270318360e+04 
       1.027567287922e-02       2.466896474412e+04 
       1.040147373092e-02       2.478189612152e+04 
       1.052731690367e-02       2.489175129543e+04 
       1.065320170095e-02       2.499745754318e+04 
       1.077912747700e-02       2.510210878719e+04 
       1.090509363435e-02       2.520246907251e+04 
       1.103109962166e-02       2.529897476778e+04 
       1.115714493170e-02       2.539339503669e+04 
       1.128322909937e-02       2.548473456602e+04 
       1.140935169999e-02       2.557463624783e+04 
       1.153551234761e-02       2.566023010408e+04 
       1.166171069350e-02       2.574322239239e+04 
       1.178794642470e-02       2.582322095855e+04 
       1.191421926272e-02       2.590044339251e+04 
       1.204052896226e-02       2.597472512284e+04 
       1.216687531009e-02       2.604647471364e+04 
       1.229325812397e-02       2.611549611791e+04 
       1.241967725165e-02       2.618189010407e+04 
       1.254613256998e-02       2.624469945222e+04 
       1.267262398400e-02       2.630562217196e+04 
       1.279915142621e-02       2.636522566876e+04 
       1.292571485577e-02       2.642131310986e+04 
       1.305231425787e-02       2.647467335626e+04 
       1.317894964309e-02       2.652501999256e+04 
       1.330562104680e-02       2.657431230452e+04 
       1.343232852866e-02       2.662033689453e+04 
       1.355907217212e-02       2.666310406261e+04 
       1.368585208395e-02       2.670423195294e+04 
       1.381266839389e-02       2.674429733249e+04 
       1.393952125421e-02       2.678106063498e+04 
       1.406641083943e-02       2.681544597197e+04 
       1.419333734600e-02       2.684776105615e+04 
       1.432030099202e-02       2.687770655807e+04 
       1.444730201703e-02       2.690547622161e+04 
       1.457434068177e-02       2.692972786787e+04 
       1.470141726802e-02       2.695371315160e+04 
       1.482853207844e-02       2.697455112414e+04 
       1.495568543644e-02       2.699389125027e+04 
       1.508287768610e-02       2.701240256184e+04 
       1.521010919203e-02       2.702711090692e+04 
       1.533738033939e-02       2.703981594452e+04 
       1.546469153380e-02       2.705081625592e+04 
       1.559204320136e-02       2.706018134160e+04 
       1.571943578864e-02       2.706746395243e+04 
       1.584686976272e-02       2.707409236186e+04 
       1.597434561123e-02       2.707752165973e+04 
       1.610186384241e-02       2.707855512266e+04 
       1.622942498523e-02       2.707910377257e+04 
       1.635702958947e-02       2.707729060659e+04 
       1.648467822582e-02       2.707369159285e+04 
       1.661237148609e-02       2.706707947173e+04 
       1.674010998330e-02       2.705998117442e+04 
       1.686789435188e-02       2.705106984350e+04 
       1.699572524789e-02       2.704053135016e+04 
       1.712360334918e-02       2.702924857731e+04 
       1.725152935565e-02       2.701562906006e+04 
       1.737950398951e-02       2.699914285360e+04 
       1.750752799547e-02       2.698214200193e+04 
       1.763560214111e-02       2.696455900429e+04 
       1.776372721710e-02       2.694468945883e+04 
       1.789190403752e-02       2.692187102040e+04 
       1.802013344025e-02       2.689974384285e+04 
       1.814841628721e-02       2.687453910263e+04 
       1.827675346480e-02       2.684927390771e+04 
       1.840514588426e-02       2.682192532857e+04 
       1.853359448202e-02       2.679192128519e+04 
       1.866210022017e-02       2.676275936655e+04 
       1.879066408684e-02       2.673130306706e+04 
       1.891928709669e-02       2.669834418355e+04 
       1.904797029132e-02       2.666342500463e+04 
       1.917671473978e-02       2.662795236473e+04 
       1.930552153909e-02       2.659201627764e+04 
       1.943439181470e-02       2.655395055617e+04 
       1.956332672108e-02       2.651485870269e+04 
       1.969232744225e-02       2.647420263281e+04 
       1.982139519235e-02       2.643264506314e+04 
       1.995053121625e-02       2.638913215816e+04 
       2.007973679014e-02       2.634517631807e+04 
       2.020901322222e-02       2.629983568084e+04 
       2.033836185327e-02       2.625457005004e+04 
       2.046778405742e-02       2.620749232507e+04 
       2.059728124279e-02       2.615909768344e+04 
       2.072685485222e-02       2.610870603740e+04 
       2.085650636405e-02       2.605858303297e+04 
       2.098623729286e-02       2.600725669938e+04 
       2.111604919028e-02       2.595549465876e+04 
       2.124594364580e-02       2.590136877880e+04 
       2.137592228761e-02       2.584787420496e+04 
       2.150598678352e-02       2.579252181680e+04 
       2.163613884179e-02       2.573636644548e+04 
       2.176638021213e-02       2.567883733240e+04 
       2.189671268661e-02       2.562085196959e+04 
       2.202713810066e-02       2.556230792148e+04 
       2.215765833409e-02       2.550284697985e+04 
       2.228827531217e-02       2.544232828724e+04 
       2.241899100668e-02       2.538068002090e+04 
       2.254980743701e-02       2.531838583256e+04 
       2.268072667139e-02       2.525615112289e+04 
       2.281175082799e-02       2.519219499979e+04 
       2.294288207623e-02       2.512774946553e+04 
       2.307412263798e-02       2.506317222807e+04 
       2.320547478890e-02       2.499740087041e+04 
       2.333694085979e-02       2.493098536887e+04 
       2.346852323795e-02       2.486331855564e+04 
       2.360022436866e-02       2.479552948153e+04 
       2.373204675664e-02       2.472721433931e+04 
       2.386399296755e-02       2.465812406801e+04 
       2.399606562963e-02       2.458843191945e+04 
       2.412826743528e-02       2.451815879942e+04 
       2.426060114274e-02       2.444736095630e+04 
       2.439306957788e-02       2.437590385677e+04 
       2.452567563592e-02       2.430448706767e+04 
       2.465842228337e-02       2.423151876320e+04 
       2.479131255985e-02       2.415854966812e+04 
       2.492434958015e-02       2.408490235638e+04 
       2.505753653623e-02       2.401135684996e+04 
       2.519087669934e-02       2.393679453897e+04 
       2.532437342223e-02       2.386176926778e+04 
       2.545803014138e-02       2.378613726336e+04 
       2.559185037934e-02       2.371034493573e+04 
       2.572583774718e-02       2.363412277617e+04 
       2.585999594695e-02       2.355741466200e+04 
       2.599432877431e-02       2.348035478095e+04 
       2.612884012118e-02       2.340279933358e+04 
       2.626353397851e-02       2.332486241978e+04 
       2.639841443919e-02       2.324687193562e+04 
       2.653348570099e-02       2.316806702130e+04 
       2.666875206967e-02       2.308907496975e+04 
       2.680421796214e-02       2.300990605435e+04 
       2.693988790983e-02       2.293027295683e+04 
       2.707576656206e-02       2.285051037911e+04 
       2.721185868963e-02       2.277034074852e+04 
       2.734816918853e-02       2.268968076971e+04 
       2.748470308374e-02       2.260905106054e+04 
       2.762146553325e-02       2.252810420032e+04 
       2.775846183212e-02       2.244664730009e+04 
       2.789569741684e-02       2.236528997491e+04 
       2.803317786974e-02       2.228380491451e+04 
       2.817090892365e-02       2.220178301668e+04 
       2.830889646666e-02       2.211986715704e+04 
       2.844714654716e-02       2.203745345493e+04 
       2.858566537903e-02       2.195511189257e+04 
       2.872445934704e-02       2.187240015449e+04 
       2.886353501248e-02       2.178967580322e+04 
       2.900289911902e-02       2.170659399971e+04 
       2.914255859880e-02       2.162340413385e+04 
       2.928252057879e-02       2.154017604350e+04 
       2.942279238740e-02       2.145682107150e+04 
       2.956338156140e-02       2.137306940593e+04 
       2.970429585306e-02       2.128950216592e+04 
       2.984554323770e-02       2.120573666274e+04 
       2.998713192149e-02       2.112202484003e+04 
       3.012907034964e-02       2.103813579602e+04 
       3.027136721489e-02       2.095400867267e+04 
       3.041403146643e-02       2.087016262222e+04 
       3.055707231923e-02       2.078578391188e+04 
       3.070049926373e-02       2.070184780968e+04 
       3.084432207606e-02       2.061732602671e+04 
       3.098855082863e-02       2.053318820372e+04 
       3.113319590129e-02       2.044859017721e+04 
       3.127826799299e-02       2.036430637096e+04 
       3.142377813400e-02       2.027990997114e+04 
       3.156973769869e-02       2.019546761782e+04 
       3.171615841897e-02       2.011119948786e+04 
       3.186305239835e-02       2.002675116818e+04 
       3.201043212668e-02       1.994225620502e+04 
       3.215831049570e-02       1.985774636674e+04 
       3.230670081530e-02       1.977326760589e+04 
       3.245561683061e-02       1.968886030700e+04 
       3.260507274000e-02       1.960452854600e+04 
       3.275508321400e-02       1.952009470218e+04 
       3.290566341520e-02       1.943581251206e+04 
       3.305682901921e-02       1.935152978077e+04 
       3.320859623676e-02       1.926726048685e+04 
       3.336098183695e-02       1.918302778786e+04 
       3.351400317182e-02       1.909886327043e+04 
       3.366767820224e-02       1.901493334710e+04 
       3.382202552525e-02       1.893068519265e+04 
       3.397706440297e-02       1.884682692562e+04 
       3.413281479316e-02       1.876270024726e+04 
       3.428929738146e-02       1.867904400379e+04 
       3.444653361566e-02       1.859502922931e+04 
       3.460454574186e-02       1.851130225506e+04 
       3.476335684285e-02       1.842762974464e+04 
       3.492299087883e-02       1.834399429291e+04 
       3.508347273057e-02       1.826044486929e+04 
       3.524482824527e-02       1.817700022141e+04 
       3.540708428530e-02       1.809371943216e+04 
       3.557026878003e-02       1.801040928595e+04 
       3.573441078097e-02       1.792716264930e+04 
       3.589954052050e-02       1.784405187140e+04 
       3.606568947452e-02       1.776099666287e+04 
       3.623289042919e-02       1.767796197957e+04 
       3.640117755225e-02       1.759507318124e+04 
       3.657058646924e-02       1.751242669702e+04 
       3.674115434491e-02       1.742972249409e+04 
       3.691291997046e-02       1.734700072754e+04 
       3.708592385699e-02       1.726460434969e+04 
       3.726020833561e-02       1.718213468159e+04 
       3.743581766504e-02       1.709965601702e+04 
       3.761279814708e-02       1.701734999287e+04 
       3.779119825085e-02       1.693522960109e+04 
       3.797106874656e-02       1.685314399868e+04 
       3.815246284964e-02       1.677103603259e+04 
       3.833543637621e-02       1.668892441303e+04 
       3.852004791104e-02       1.660713036058e+04 
       3.870635898918e-02       1.652532248410e+04 
       3.889443429250e-02       1.644344345628e+04 
       3.908434186282e-02       1.636183201030e+04 
       3.927615333310e-02       1.628005421175e+04 
       3.946994417875e-02       1.619888852791e+04 
       3.966579399102e-02       1.611715813626e+04 
       3.986378677488e-02       1.603569880508e+04 
       4.006401127404e-02       1.595416876776e+04 
       4.026656132606e-02       1.587280204566e+04 
       4.047153625102e-02       1.579134665132e+04 
       4.067904127742e-02       1.571011280075e+04 
       4.088918800974e-02       1.562877984608e+04 
       4.110209494264e-02       1.554771525189e+04 
       4.131788802714e-02       1.546617016204e+04 
       4.153670129555e-02       1.538472883983e+04 
       4.175867755211e-02       1.530350640112e+04 
       4.198396913794e-02       1.522214745245e+04 
       4.221273877993e-02       1.514085281348e+04 
       4.244516053457e-02       1.505927154457e+04 
       4.268142083963e-02       1.497760002139e+04 
       4.292171968868e-02       1.489614522287e+04 
       4.316627194548e-02       1.481449397059e+04 
       4.341530881877e-02       1.473285695338e+04 
       4.366907952060e-02       1.465079795381e+04 
       4.392785313625e-02       1.456878452684e+04 
       4.419192073788e-02       1.448661007715e+04 
       4.446159778063e-02       1.440416609658e+04 
       4.473722682625e-02       1.432169665658e+04 
       4.501918064864e-02       1.423895256857e+04 
       4.530786578550e-02       1.415592717673e+04 
       4.560372661330e-02       1.407275953477e+04 
       4.590725003850e-02       1.398910725286e+04 
       4.621897091677e-02       1.390524203947e+04 
       4.653947833612e-02       1.382099069457e+04 
       4.686942292899e-02       1.373662145301e+04 
       4.720952541520e-02       1.365124739770e+04 
       4.756058662356e-02       1.356563538514e+04 
       4.792349929768e-02       1.347962354646e+04 
       4.829926206427e-02       1.339334932027e+04 
       4.868899603431e-02       1.330558094456e+04 
       4.909396462464e-02       1.321762998508e+04 
       4.951559733615e-02       1.312865544568e+04 
       4.995551841471e-02       1.303889881178e+04 
       5.041558156288e-02       1.294812316682e+04 
       5.089791217790e-02       1.285589259964e+04 
       5.140495898069e-02       1.276262603720e+04 
       5.193955738745e-02       1.266704920156e+04 
       5.250500757304e-02       1.257120299055e+04 
       5.310517088422e-02       1.247212287256e+04 
       5.374458904992e-02       1.237125007980e+04 
       5.442863139968e-02       1.226716170812e+04 
       5.516367578683e-02       1.216008894887e+04 
       5.595732855634e-02       1.204853187702e+04 
       5.681868654803e-02       1.193218518342e+04 
       5.775863754297e-02       1.180956248711e+04 
       5.879018062040e-02       1.167909496236e+04 
       5.992871759616e-02       1.153790625854e+04 
       6.119221076929e-02       1.138291258644e+04 
       6.260101001525e-02       1.121057717829e+04 
       6.417702657568e-02       1.101484753335e+04 
       6.594182417808e-02       1.078848414120e+04 
       6.791327231988e-02       1.052341568394e+04 
       7.010094318041e-02       1.021039399867e+04 
       7.250157684941e-02       9.843153294079e+03 
       7.509706451363e-02       9.420571932255e+03 
       7.785696778744e-02       8.948310232653e+03 
       8.074495533162e-02       8.440916103057e+03 
       8.372591291557e-02       7.918060211406e+03 
       8.677063189428e-02       7.401432352317e+03 
       8.985728706204e-02       6.911362542210e+03 
       9.297073661237e-02       6.464165007639e+03 
       9.610098254491e-02       6.070487391410e+03 
       9.924163096970e-02       5.735615326778e+03 
       1.023886745916e-01       5.458816738714e+03 
       1.055396331509e-01       5.235932856031e+03 
       1.086929832409e-01       5.058876358275e+03 
       1.118477934596e-01       4.917671642102e+03 
       1.150034958693e-01       4.800992185055e+03 
       1.181597446492e-01       4.697733331918e+03 
       1.213163293402e-01       4.597099388934e+03 
       1.244731218431e-01       4.490518640607e+03 
       1.276300441260e-01       4.371772023495e+03 
       1.307870485820e-01       4.237622465130e+03 
       1.339441060935e-01       4.087082221490e+03 
       1.371011987826e-01       3.923132033379e+03 
       1.402583156087e-01       3.749473421441e+03 
       1.434154496961e-01       3.571936227251e+03 
       1.465725967099e-01       3.396310778898e+03 
       1.497297538701e-01       3.228419468178e+03 
       1.528869193519e-01       3.072913516990e+03 
       1.560440919206e-01       2.933119384601e+03 
       1.592012707094e-01       2.810909513617e+03 
       1.623584550833e-01       2.706769784363e+03 
       1.655156445565e-01       2.619814808064e+03 
       1.686728387405e-01       2.548103043939e+03 
       1.718300373127e-01       2.488900342804e+03 
       1.749872399968e-01       2.438545730483e+03 
       1.781444465498e-01       2.393892371519e+03 
       1.813016567541e-01       2.352085108860e+03 
       1.844588704126e-01       2.309568379954e+03 
       1.876160873442e-01       2.263832640959e+03 
       1.907733073822e-01       2.213285118636e+03 
       1.939305303716e-01       2.157198748968e+03 
       1.970877561684e-01       2.095951915067e+03 
       2.002449846382e-01       2.030382545873e+03 
       2.034022156549e-01       1.962188945477e+03 
       2.065594491008e-01       1.893246463935e+03 
       2.097166848651e-01       1.825404013000e+03 
       2.128739228438e-01       1.760390494422e+03 
       2.160311629391e-01       1.699444515519e+03 
       2.191884050589e-01       1.643519055091e+03 
       2.223456491162e-01       1.593162495091e+03 
       2.255028950290e-01       1.548532459910e+03 
       2.286601427201e-01       1.509449305373e+03 
       2.318173921162e-01       1.475379916848e+03 
       2.349746431482e-01       1.445439145280e+03 
       2.381318957506e-01       1.418670910250e+03 
       2.412891498612e-01       1.393929901701e+03 
       2.444464054214e-01       1.370170844373e+03 
       2.476036623753e-01       1.346341911887e+03 
       2.507609206699e-01       1.321773172547e+03 
       2.539181802549e-01       1.295985496133e+03 
       2.570754410824e-01       1.268850270779e+03 
       2.602327031071e-01       1.240225965361e+03 
       2.633899662855e-01       1.210438308359e+03 
       2.665472305764e-01       1.179897351601e+03 
       2.697044959406e-01       1.148973570192e+03 
       2.728617623405e-01       1.118360926195e+03 
       2.760190297405e-01       1.088619008379e+03 
       2.791762981063e-01       1.060164001874e+03 
       2.823335674055e-01       1.033480951648e+03 
       2.854908376068e-01       1.008758020133e+03 
       2.886481086806e-01       9.860998911148e+02 
       2.918053805983e-01       9.653390748790e+02 
       2.949626533327e-01       9.463671242379e+02 
       2.981199268577e-01       9.288732591471e+02 
       3.012772011483e-01       9.125713450304e+02 
       3.044344761806e-01       8.971403017978e+02 
       3.075917519317e-01       8.822775373085e+02 
       3.107490283795e-01       8.676616048334e+02 
       3.139063055028e-01       8.530156605263e+02 
       3.170635832815e-01       8.381729558245e+02 
       3.202208616960e-01       8.230605505514e+02 
       3.233781407276e-01       8.075733058716e+02 
       3.265354203583e-01       7.918651038794e+02 
       3.296927005708e-01       7.759684580797e+02 
       3.328499813486e-01       7.601078070885e+02 
       3.360072626755e-01       7.444555067791e+02 
       3.391645445362e-01       7.290870917408e+02 
       3.423218269159e-01       7.142324030006e+02 
       3.454791098002e-01       6.999225040615e+02 
       3.486363931753e-01       6.862624584721e+02 
       3.517936770281e-01       6.733618464354e+02 
       3.549509613457e-01       6.611416989251e+02 
       3.581082461157e-01       6.496561238206e+02 
       3.612655313263e-01       6.387677683810e+02 
       3.644228169659e-01       6.283967632040e+02 
       3.675801030235e-01       6.184481819371e+02 
       3.707373894883e-01       6.087732867818e+02 
       3.738946763499e-01       5.992934693554e+02 
       3.770519635983e-01       5.899509634418e+02 
       3.802092512240e-01       5.806353416534e+02 
       3.833665392174e-01       5.713906961624e+02 
       3.865238275696e-01       5.621467544660e+02 
       3.896811162718e-01       5.529262225571e+02 
       3.928384053156e-01       5.437351965563e+02 
       3.959956946926e-01       5.345990663238e+02 
       3.991529843951e-01       5.255926483314e+02 
       4.023102744153e-01       5.167177546013e+02 
       4.054675647457e-01       5.080261964624e+02 
       4.086248553791e-01       4.995924282787e+02 
       4.117821463086e-01       4.914231162056e+02 
       4.149394375273e-01       4.835345658964e+02 
       4.180967290287e-01       4.758994443825e+02 
       4.212540208064e-01       4.685489051786e+02 
       4.244113128541e-01       4.614143956304e+02 
       4.275686051660e-01       4.545326257454e+02 
       4.307258977362e-01       4.478784958457e+02 
       4.338831905589e-01       4.414120177269e+02 
       4.370404836288e-01       4.351021113913e+02 
       4.401977769405e-01       4.289228537749e+02 
       4.433550704887e-01       4.228407820804e+02 
       4.465123642685e-01       4.168349230072e+02 
       4.496696582750e-01       4.108912358139e+02 
       4.528269525034e-01       4.050067899087e+02 
       4.559842469490e-01       3.991851395023e+02 
       4.591415416075e-01       3.934308223427e+02 
       4.622988364743e-01       3.877520479148e+02 
       4.654561315454e-01       3.821524024689e+02 
       4.686134268164e-01       3.766265090127e+02 
       4.717707222834e-01       3.712150280341e+02 
       4.749280179424e-01       3.659171644455e+02 
       4.780853137898e-01       3.607448013582e+02 
       4.812426098216e-01       3.557182226263e+02 
       4.843999060344e-01       3.508214023000e+02 
       4.875572024245e-01       3.460505356539e+02 
       4.907144989886e-01       3.414236815629e+02 
       4.938717957232e-01       3.368906404747e+02 
       4.970290926253e-01       3.324643693790e+02 
       5.001863896914e-01       3.281423040882e+02 
       5.033436869187e-01       3.238893075823e+02 
       5.065009843040e-01       3.197116635764e+02 
       5.096582818443e-01       3.156030007669e+02 
       5.128155795369e-01       3.115547691941e+02 
       5.159728773789e-01       3.075606756477e+02 
       5.191301753676e-01       3.036156212888e+02 
       5.222874735003e-01       2.997193192324e+02 
       5.254447717745e-01       2.958752265130e+02 
       5.286020701875e-01       2.920906360326e+02 
       5.317593687368e-01       2.883698266985e+02 
       5.349166674202e-01       2.847059191534e+02 
       5.380739662351e-01       2.811226936210e+02 
       5.412312651794e-01       2.776063021022e+02 
       5.443885642507e-01       2.741556165181e+02 
       5.475458634468e-01       2.707693836806e+02 
       5.507031627655e-01       2.674482012662e+02 
       5.538604622049e-01       2.641930051316e+02 
       5.570177617628e-01       2.610039925961e+02 
       5.601750614372e-01       2.578866727688e+02 
       5.633323612261e-01       2.548229668042e+02 
       5.664896611277e-01       2.518101979343e+02 
       5.696469611400e-01       2.488455371329e+02 
       5.728042612612e-01       2.459256333505e+02 
       5.759615614895e-01       2.430495809151e+02 
       5.791188618232e-01       2.402174485728e+02 
       5.822761622605e-01       2.374294791022e+02 
       5.854334627998e-01       2.346847098477e+02 
       5.885907634394e-01       2.319809585015e+02 
       5.917480641776e-01       2.293155028518e+02 
       5.949053650131e-01       2.266869449954e+02 
       5.980626659441e-01       2.240952442229e+02 
       6.012199669691e-01       2.215423725357e+02 
       6.043772680868e-01       2.190311396646e+02 
       6.075345692956e-01       2.165630710408e+02 
       6.106918705942e-01       2.141367224558e+02 
