# dimensionless total [l(l+1)/2pi] C_l's
# for l=2 to 2500, i.e. number of multipoles equal to 2499
#
# -> if you prefer output in CAMB/HealPix/LensPix units/order, set 'format' to 'camb' in input file
# -> if you don't want to see such a header, set 'headers' to 'no' in input file
#
# 1:l     2:TT                 
    2       1.323220511308e-10 
    3       1.249114740241e-10 
    4       1.176451943177e-10 
    5       1.120145163322e-10 
    6       1.080125368061e-10 
    7       1.053545307573e-10 
    8       1.037464324268e-10 
    9       1.029580978115e-10 
   10       1.027860981979e-10 
   11       1.030667765990e-10 
   12       1.037558223669e-10 
   13       1.047190705415e-10 
   14       1.058597287031e-10 
   15       1.072289077681e-10 
   16       1.087121459404e-10 
   17       1.103448256140e-10 
   18       1.120780486182e-10 
   19       1.138997195743e-10 
   20       1.157757386845e-10 
   21       1.177251328014e-10 
   22       1.197530480177e-10 
   23       1.218467210724e-10 
   24       1.239712496227e-10 
   25       1.261387562210e-10 
   26       1.283597794123e-10 
   27       1.306246444090e-10 
   28       1.329102583399e-10 
   29       1.352243867546e-10 
   30       1.375748136394e-10 
   31       1.399603241542e-10 
   32       1.423860951042e-10 
   33       1.448516806434e-10 
   34       1.473494206681e-10 
   35       1.498772554277e-10 
   36       1.524286800903e-10 
   37       1.549940395008e-10 
   38       1.575796819193e-10 
   39       1.601941165232e-10 
   40       1.628423304629e-10 
   41       1.655257917780e-10 
   42       1.682435050574e-10 
   43       1.709905672176e-10 
   44       1.737573616795e-10 
   45       1.765338308905e-10 
   46       1.793247713059e-10 
   47       1.821384221888e-10 
   48       1.849820530847e-10 
   49       1.878618282638e-10 
   50       1.907818953717e-10 
   51       1.937416742460e-10 
   52       1.967375978596e-10 
   53       1.997636558079e-10 
   54       2.028112222425e-10 
   55       2.058720062244e-10 
   56       2.089481552527e-10 
   57       2.120443602822e-10 
   58       2.151649038945e-10 
   59       2.183136098850e-10 
   60       2.214937928495e-10 
   61       2.247081091589e-10 
   62       2.279581848446e-10 
   63       2.312448143490e-10 
   64       2.345679992854e-10 
   65       2.379268948965e-10 
   66       2.413197565118e-10 
   67       2.447438860060e-10 
   68       2.481966350140e-10 
   69       2.516787703086e-10 
   70       2.551916972848e-10 
   71       2.587364374985e-10 
   72       2.623136021519e-10 
   73       2.659233655779e-10 
   74       2.695654387259e-10 
   75       2.732390426460e-10 
   76       2.769433836000e-10 
   77       2.806792370278e-10 
   78       2.844476055944e-10 
   79       2.882492272227e-10 
   80       2.920845588649e-10 
   81       2.959537602735e-10 
   82       2.998566777727e-10 
   83       3.037928280300e-10 
   84       3.077616875220e-10 
   85       3.117636516205e-10 
   86       3.157992054875e-10 
   87       3.198686215889e-10 
   88       3.239719486035e-10 
   89       3.281090003320e-10 
   90       3.322793446059e-10 
   91       3.364822921967e-10 
   92       3.407168857247e-10 
   93       3.449821967100e-10 
   94       3.492782919208e-10 
   95       3.536053925343e-10 
   96       3.579635721750e-10 
   97       3.623527500540e-10 
   98       3.667726841075e-10 
   99       3.712229641357e-10 
  100       3.757030049414e-10 
  101       3.802120394693e-10 
  102       3.847491119442e-10 
  103       3.893130710104e-10 
  104       3.939028120533e-10 
  105       3.985180562247e-10 
  106       4.031586643512e-10 
  107       4.078243930753e-10 
  108       4.125148907320e-10 
  109       4.172296932266e-10 
  110       4.219682199110e-10 
  111       4.267297694613e-10 
  112       4.315135157550e-10 
  113       4.363185037474e-10 
  114       4.411436453494e-10 
  115       4.459877153043e-10 
  116       4.508495157311e-10 
  117       4.557284012660e-10 
  118       4.606238103233e-10 
  119       4.655350995388e-10 
  120       4.704615411384e-10 
  121       4.754023203062e-10 
  122       4.803565325532e-10 
  123       4.853231810855e-10 
  124       4.903011741729e-10 
  125       4.952893225168e-10 
  126       5.002863366192e-10 
  127       5.052908241507e-10 
  128       5.103012873189e-10 
  129       5.153162755629e-10 
  130       5.203348681636e-10 
  131       5.253562398498e-10 
  132       5.303795087125e-10 
  133       5.354037346848e-10 
  134       5.404279180217e-10 
  135       5.454509977803e-10 
  136       5.504718502994e-10 
  137       5.554892876789e-10 
  138       5.605020562606e-10 
  139       5.655088351073e-10 
  140       5.705082344828e-10 
  141       5.754987943320e-10 
  142       5.804789827602e-10 
  143       5.854471945137e-10 
  144       5.904018730519e-10 
  145       5.953418935393e-10 
  146       6.002662148974e-10 
  147       6.051737588000e-10 
  148       6.100634088630e-10 
  149       6.149340098346e-10 
  150       6.197843667855e-10 
  151       6.246132442991e-10 
  152       6.294193656617e-10 
  153       6.342014120522e-10 
  154       6.389580217331e-10 
  155       6.436877892396e-10 
  156       6.483892645707e-10 
  157       6.530609523786e-10 
  158       6.577013111595e-10 
  159       6.623087524432e-10 
  160       6.668816399835e-10 
  161       6.714183985384e-10 
  162       6.759178527209e-10 
  163       6.803789167051e-10 
  164       6.848004870287e-10 
  165       6.891814422866e-10 
  166       6.935206428260e-10 
  167       6.978169304403e-10 
  168       7.020691280635e-10 
  169       7.062760394646e-10 
  170       7.104364489422e-10 
  171       7.145491210184e-10 
  172       7.186128001335e-10 
  173       7.226262103403e-10 
  174       7.265880549983e-10 
  175       7.304970164682e-10 
  176       7.343517558064e-10 
  177       7.381509124589e-10 
  178       7.418931039562e-10 
  179       7.455769256072e-10 
  180       7.492010357163e-10 
  181       7.527644194470e-10 
  182       7.562661453940e-10 
  183       7.597052819550e-10 
  184       7.630808973403e-10 
  185       7.663920595816e-10 
  186       7.696378365421e-10 
  187       7.728172959249e-10 
  188       7.759295052834e-10 
  189       7.789735320299e-10 
  190       7.819484434451e-10 
  191       7.848533066879e-10 
  192       7.876871888041e-10 
  193       7.904491567363e-10 
  194       7.931382773329e-10 
  195       7.957536173577e-10 
  196       7.982942434990e-10 
  197       8.007592223793e-10 
  198       8.031476205643e-10 
  199       8.054585045725e-10 
  200       8.076909408846e-10 
  201       8.098440561164e-10 
  202       8.119172223105e-10 
  203       8.139098849136e-10 
  204       8.158215039886e-10 
  205       8.176515544015e-10 
  206       8.193995260085e-10 
  207       8.210649238435e-10 
  208       8.226472683050e-10 
  209       8.241460953434e-10 
  210       8.255609566481e-10 
  211       8.268914198346e-10 
  212       8.281370686320e-10 
  213       8.292975030697e-10 
  214       8.303723396649e-10 
  215       8.313612116099e-10 
  216       8.322637689587e-10 
  217       8.330796788149e-10 
  218       8.338086255182e-10 
  219       8.344503108321e-10 
  220       8.350044541308e-10 
  221       8.354707925864e-10 
  222       8.358490813560e-10 
  223       8.361390937693e-10 
  224       8.363406485944e-10 
  225       8.364536933972e-10 
  226       8.364782269046e-10 
  227       8.364142726577e-10 
  228       8.362618792629e-10 
  229       8.360211206441e-10 
  230       8.356920962938e-10 
  231       8.352749315251e-10 
  232       8.347697777234e-10 
  233       8.341768125977e-10 
  234       8.334962404325e-10 
  235       8.327282923396e-10 
  236       8.318732265092e-10 
  237       8.309313284622e-10 
  238       8.299029113015e-10 
  239       8.287883159634e-10 
  240       8.275879114700e-10 
  241       8.263020951800e-10 
  242       8.249312930410e-10 
  243       8.234759598406e-10 
  244       8.219365794587e-10 
  245       8.203136651184e-10 
  246       8.186077596382e-10 
  247       8.168194356836e-10 
  248       8.149492960183e-10 
  249       8.129979737564e-10 
  250       8.109661142670e-10 
  251       8.088543192106e-10 
  252       8.066631997614e-10 
  253       8.043933948786e-10 
  254       8.020455715228e-10 
  255       7.996204248728e-10 
  256       7.971186785424e-10 
  257       7.945410847964e-10 
  258       7.918884247675e-10 
  259       7.891615086728e-10 
  260       7.863611760304e-10 
  261       7.834882958759e-10 
  262       7.805437669791e-10 
  263       7.775285180602e-10 
  264       7.744435080068e-10 
  265       7.712897260904e-10 
  266       7.680681921825e-10 
  267       7.647799569717e-10 
  268       7.614261021800e-10 
  269       7.580077407796e-10 
  270       7.545260172090e-10 
  271       7.509821075900e-10 
  272       7.473772199441e-10 
  273       7.437125944091e-10 
  274       7.399895034554e-10 
  275       7.362092521032e-10 
  276       7.323731781384e-10 
  277       7.284826523293e-10 
  278       7.245390786434e-10 
  279       7.205438243784e-10 
  280       7.164980061019e-10 
  281       7.124026930434e-10 
  282       7.082589762893e-10 
  283       7.040679688916e-10 
  284       6.998308059771e-10 
  285       6.955486448561e-10 
  286       6.912226651314e-10 
  287       6.868540688071e-10 
  288       6.824440803976e-10 
  289       6.779939470366e-10 
  290       6.735049385857e-10 
  291       6.689783477435e-10 
  292       6.644154901546e-10 
  293       6.598177045182e-10 
  294       6.551863526975e-10 
  295       6.505228198280e-10 
  296       6.458285144268e-10 
  297       6.411048685015e-10 
  298       6.363533376587e-10 
  299       6.315754012136e-10 
  300       6.267725622983e-10 
  301       6.219463479709e-10 
  302       6.170983093244e-10 
  303       6.122300215958e-10 
  304       6.073430842746e-10 
  305       6.024391212121e-10 
  306       5.975197807301e-10 
  307       5.925867357296e-10 
  308       5.876416838003e-10 
  309       5.826863473289e-10 
  310       5.777224736082e-10 
  311       5.727518349464e-10 
  312       5.677761145385e-10 
  313       5.627965580070e-10 
  314       5.578143059062e-10 
  315       5.528305064693e-10 
  316       5.478463155775e-10 
  317       5.428628967282e-10 
  318       5.378814210037e-10 
  319       5.329030670397e-10 
  320       5.279290209935e-10 
  321       5.229604765133e-10 
  322       5.179986347057e-10 
  323       5.130447041053e-10 
  324       5.080999006424e-10 
  325       5.031654476119e-10 
  326       4.982425756417e-10 
  327       4.933325226614e-10 
  328       4.884365338706e-10 
  329       4.835558617078e-10 
  330       4.786917658184e-10 
  331       4.738455130236e-10 
  332       4.690183772889e-10 
  333       4.642116396924e-10 
  334       4.594265883937e-10 
  335       4.546645186022e-10 
  336       4.499267325453e-10 
  337       4.452145394378e-10 
  338       4.405292554496e-10 
  339       4.358722036746e-10 
  340       4.312447140991e-10 
  341       4.266481235705e-10 
  342       4.220837757656e-10 
  343       4.175530211595e-10 
  344       4.130572169936e-10 
  345       4.085977272445e-10 
  346       4.041759225925e-10 
  347       3.997931803901e-10 
  348       3.954508846302e-10 
  349       3.911503157281e-10 
  350       3.868923148755e-10 
  351       3.826776056829e-10 
  352       3.785069029692e-10 
  353       3.743809126222e-10 
  354       3.703003314588e-10 
  355       3.662658470853e-10 
  356       3.622781377577e-10 
  357       3.583378722420e-10 
  358       3.544457096743e-10 
  359       3.506022994214e-10 
  360       3.468082809408e-10 
  361       3.430642836411e-10 
  362       3.393709267424e-10 
  363       3.357288191362e-10 
  364       3.321385592461e-10 
  365       3.286007348880e-10 
  366       3.251159231300e-10 
  367       3.216846901533e-10 
  368       3.183075911120e-10 
  369       3.149851699934e-10 
  370       3.117179594786e-10 
  371       3.085064808026e-10 
  372       3.053512436145e-10 
  373       3.022527458379e-10 
  374       2.992114735311e-10 
  375       2.962279007475e-10 
  376       2.933024893956e-10 
  377       2.904356890998e-10 
  378       2.876279370601e-10 
  379       2.848796579128e-10 
  380       2.821912635904e-10 
  381       2.795631531824e-10 
  382       2.769957127952e-10 
  383       2.744893154123e-10 
  384       2.720443207548e-10 
  385       2.696610751419e-10 
  386       2.673399113505e-10 
  387       2.650811484762e-10 
  388       2.628850506748e-10 
  389       2.607517019719e-10 
  390       2.586811264962e-10 
  391       2.566733290037e-10 
  392       2.547282947045e-10 
  393       2.528459890910e-10 
  394       2.510263577655e-10 
  395       2.492693262673e-10 
  396       2.475747999007e-10 
  397       2.459426635625e-10 
  398       2.443727815694e-10 
  399       2.428649974860e-10 
  400       2.414191339520e-10 
  401       2.400349925098e-10 
  402       2.387123534326e-10 
  403       2.374509755511e-10 
  404       2.362505960820e-10 
  405       2.351109304550e-10 
  406       2.340316721407e-10 
  407       2.330124924779e-10 
  408       2.320530405015e-10 
  409       2.311529427698e-10 
  410       2.303118031924e-10 
  411       2.295292028575e-10 
  412       2.288046998596e-10 
  413       2.281378291271e-10 
  414       2.275281022501e-10 
  415       2.269750073075e-10 
  416       2.264780086950e-10 
  417       2.260365469524e-10 
  418       2.256500385917e-10 
  419       2.253178759241e-10 
  420       2.250394268876e-10 
  421       2.248140348753e-10 
  422       2.246410185622e-10 
  423       2.245196717330e-10 
  424       2.244492631101e-10 
  425       2.244290361807e-10 
  426       2.244582090245e-10 
  427       2.245360293733e-10 
  428       2.246619422042e-10 
  429       2.248354275092e-10 
  430       2.250559454425e-10 
  431       2.253229361848e-10 
  432       2.256358198071e-10 
  433       2.259939961340e-10 
  434       2.263968446082e-10 
  435       2.268437241542e-10 
  436       2.273339730418e-10 
  437       2.278669087504e-10 
  438       2.284418278326e-10 
  439       2.290580057783e-10 
  440       2.297146968782e-10 
  441       2.304111340878e-10 
  442       2.311465288915e-10 
  443       2.319200711661e-10 
  444       2.327309290449e-10 
  445       2.335782487814e-10 
  446       2.344611546133e-10 
  447       2.353787486261e-10 
  448       2.363301106173e-10 
  449       2.373142979600e-10 
  450       2.383303454669e-10 
  451       2.393772652540e-10 
  452       2.404540466048e-10 
  453       2.415596558335e-10 
  454       2.426930361496e-10 
  455       2.438531075212e-10 
  456       2.450387665393e-10 
  457       2.462488862812e-10 
  458       2.474823161747e-10 
  459       2.487378818619e-10 
  460       2.500143850628e-10 
  461       2.513106034394e-10 
  462       2.526252904598e-10 
  463       2.539571752613e-10 
  464       2.553049625150e-10 
  465       2.566673322893e-10 
  466       2.580430658715e-10 
  467       2.594314278284e-10 
  468       2.608317955979e-10 
  469       2.622435345419e-10 
  470       2.636659978798e-10 
  471       2.650985266219e-10 
  472       2.665404495026e-10 
  473       2.679910829137e-10 
  474       2.694497308377e-10 
  475       2.709156847813e-10 
  476       2.723882237084e-10 
  477       2.738666139737e-10 
  478       2.753501092558e-10 
  479       2.768379504907e-10 
  480       2.783293658048e-10 
  481       2.798235704486e-10 
  482       2.813197667298e-10 
  483       2.828171439466e-10 
  484       2.843148783211e-10 
  485       2.858121329324e-10 
  486       2.873080576502e-10 
  487       2.888017890681e-10 
  488       2.902924504364e-10 
  489       2.917791515962e-10 
  490       2.932609889121e-10 
  491       2.947370452058e-10 
  492       2.962063896891e-10 
  493       2.976680778978e-10 
  494       2.991211516245e-10 
  495       3.005646388518e-10 
  496       3.019975536863e-10 
  497       3.034188962912e-10 
  498       3.048276528199e-10 
  499       3.062227953494e-10 
  500       3.076032818135e-10 
  501       3.089680559360e-10 
  502       3.103160471642e-10 
  503       3.116461706022e-10 
  504       3.129573269441e-10 
  505       3.142485400965e-10 
  506       3.155193745413e-10 
  507       3.167695298657e-10 
  508       3.179987041575e-10 
  509       3.192065940040e-10 
  510       3.203928944892e-10 
  511       3.215572991924e-10 
  512       3.226995001856e-10 
  513       3.238191880319e-10 
  514       3.249160517833e-10 
  515       3.259897789788e-10 
  516       3.270400556420e-10 
  517       3.280665662795e-10 
  518       3.290689938788e-10 
  519       3.300470199059e-10 
  520       3.310003243037e-10 
  521       3.319285854899e-10 
  522       3.328314803548e-10 
  523       3.337086842593e-10 
  524       3.345598710330e-10 
  525       3.353847129720e-10 
  526       3.361828808371e-10 
  527       3.369540438516e-10 
  528       3.376978696991e-10 
  529       3.384140245221e-10 
  530       3.391021729192e-10 
  531       3.397619779436e-10 
  532       3.403931011006e-10 
  533       3.409952023463e-10 
  534       3.415679400849e-10 
  535       3.421109711668e-10 
  536       3.426239508869e-10 
  537       3.431065329822e-10 
  538       3.435583696298e-10 
  539       3.439791114454e-10 
  540       3.443684074804e-10 
  541       3.447259052205e-10 
  542       3.450512505836e-10 
  543       3.453440879176e-10 
  544       3.456041474073e-10 
  545       3.458315098711e-10 
  546       3.460263490457e-10 
  547       3.461888448521e-10 
  548       3.463191834289e-10 
  549       3.464175571649e-10 
  550       3.464841647336e-10 
  551       3.465192111255e-10 
  552       3.465229076820e-10 
  553       3.464954721289e-10 
  554       3.464371286091e-10 
  555       3.463481077165e-10 
  556       3.462286465294e-10 
  557       3.460789886432e-10 
  558       3.458993842046e-10 
  559       3.456900899444e-10 
  560       3.454513692109e-10 
  561       3.451834920033e-10 
  562       3.448867350054e-10 
  563       3.445613816182e-10 
  564       3.442077219941e-10 
  565       3.438260530695e-10 
  566       3.434166785987e-10 
  567       3.429799091868e-10 
  568       3.425160623236e-10 
  569       3.420254624165e-10 
  570       3.415084408238e-10 
  571       3.409653358884e-10 
  572       3.403964929710e-10 
  573       3.398022644834e-10 
  574       3.391830099219e-10 
  575       3.385390959005e-10 
  576       3.378708961845e-10 
  577       3.371787917236e-10 
  578       3.364631706857e-10 
  579       3.357244284895e-10 
  580       3.349629678385e-10 
  581       3.341791987542e-10 
  582       3.333735386091e-10 
  583       3.325464186813e-10 
  584       3.316983039287e-10 
  585       3.308296737742e-10 
  586       3.299410156656e-10 
  587       3.290328251111e-10 
  588       3.281056057149e-10 
  589       3.271598692130e-10 
  590       3.261961355087e-10 
  591       3.252149327082e-10 
  592       3.242167971564e-10 
  593       3.232022734727e-10 
  594       3.221719145860e-10 
  595       3.211262817713e-10 
  596       3.200659446843e-10 
  597       3.189914813980e-10 
  598       3.179034784378e-10 
  599       3.168025308172e-10 
  600       3.156892420736e-10 
  601       3.145642243039e-10 
  602       3.134280981999e-10 
  603       3.122814930845e-10 
  604       3.111250469468e-10 
  605       3.099594064780e-10 
  606       3.087852271070e-10 
  607       3.076031730361e-10 
  608       3.064139172766e-10 
  609       3.052181416844e-10 
  610       3.040165369958e-10 
  611       3.028098028629e-10 
  612       3.015986478895e-10 
  613       3.003837896667e-10 
  614       2.991659548082e-10 
  615       2.979458789867e-10 
  616       2.967243069687e-10 
  617       2.955019926507e-10 
  618       2.942796990946e-10 
  619       2.930581985636e-10 
  620       2.918382725573e-10 
  621       2.906207118483e-10 
  622       2.894062541392e-10 
  623       2.881953953621e-10 
  624       2.869885740297e-10 
  625       2.857862332289e-10 
  626       2.845888206371e-10 
  627       2.833967885390e-10 
  628       2.822105938422e-10 
  629       2.810306980941e-10 
  630       2.798575674978e-10 
  631       2.786916729290e-10 
  632       2.775334899517e-10 
  633       2.763834988350e-10 
  634       2.752421845691e-10 
  635       2.741100368820e-10 
  636       2.729875502553e-10 
  637       2.718752239411e-10 
  638       2.707735619781e-10 
  639       2.696830732077e-10 
  640       2.686042712906e-10 
  641       2.675376747233e-10 
  642       2.664838068539e-10 
  643       2.654431958988e-10 
  644       2.644163749592e-10 
  645       2.634038820368e-10 
  646       2.624062600508e-10 
  647       2.614240568540e-10 
  648       2.604578252488e-10 
  649       2.595081230042e-10 
  650       2.585755128713e-10 
  651       2.576605626005e-10 
  652       2.567638449571e-10 
  653       2.558859377382e-10 
  654       2.550274237886e-10 
  655       2.541888910173e-10 
  656       2.533709324139e-10 
  657       2.525741460649e-10 
  658       2.517991351699e-10 
  659       2.510465080582e-10 
  660       2.503168782046e-10 
  661       2.496107794621e-10 
  662       2.489284096720e-10 
  663       2.482698814317e-10 
  664       2.476353063606e-10 
  665       2.470247950931e-10 
  666       2.464384572713e-10 
  667       2.458764015386e-10 
  668       2.453387355323e-10 
  669       2.448255658771e-10 
  670       2.443369981781e-10 
  671       2.438731370135e-10 
  672       2.434340859281e-10 
  673       2.430199474263e-10 
  674       2.426308229651e-10 
  675       2.422668129471e-10 
  676       2.419280167138e-10 
  677       2.416145325385e-10 
  678       2.413264576195e-10 
  679       2.410638880730e-10 
  680       2.408269189264e-10 
  681       2.406156441113e-10 
  682       2.404301564565e-10 
  683       2.402705476812e-10 
  684       2.401369083880e-10 
  685       2.400293280561e-10 
  686       2.399478950340e-10 
  687       2.398926965331e-10 
  688       2.398638186206e-10 
  689       2.398613462124e-10 
  690       2.398853630662e-10 
  691       2.399359517750e-10 
  692       2.400131937595e-10 
  693       2.401171692619e-10 
  694       2.402479573383e-10 
  695       2.404056358524e-10 
  696       2.405902814680e-10 
  697       2.408019696426e-10 
  698       2.410407746202e-10 
  699       2.413067694243e-10 
  700       2.415999702367e-10 
  701       2.419201682756e-10 
  702       2.422670944017e-10 
  703       2.426404743950e-10 
  704       2.430400289342e-10 
  705       2.434654735767e-10 
  706       2.439165187371e-10 
  707       2.443928696678e-10 
  708       2.448942264375e-10 
  709       2.454202839115e-10 
  710       2.459707317305e-10 
  711       2.465452542906e-10 
  712       2.471435307223e-10 
  713       2.477652348704e-10 
  714       2.484100352734e-10 
  715       2.490775951428e-10 
  716       2.497675723426e-10 
  717       2.504796193690e-10 
  718       2.512133833297e-10 
  719       2.519685059232e-10 
  720       2.527446234189e-10 
  721       2.535413666358e-10 
  722       2.543583609225e-10 
  723       2.551952261367e-10 
  724       2.560515766242e-10 
  725       2.569270211990e-10 
  726       2.578211631222e-10 
  727       2.587336000819e-10 
  728       2.596639241725e-10 
  729       2.606117218743e-10 
  730       2.615765740327e-10 
  731       2.625580558381e-10 
  732       2.635557368050e-10 
  733       2.645691807517e-10 
  734       2.655979457797e-10 
  735       2.666415842531e-10 
  736       2.676996427783e-10 
  737       2.687716621833e-10 
  738       2.698571774972e-10 
  739       2.709557200638e-10 
  740       2.720668239695e-10 
  741       2.731900197015e-10 
  742       2.743248320052e-10 
  743       2.754707798646e-10 
  744       2.766273764816e-10 
  745       2.777941292564e-10 
  746       2.789705397673e-10 
  747       2.801561037507e-10 
  748       2.813503110809e-10 
  749       2.825526457502e-10 
  750       2.837625858488e-10 
  751       2.849796035449e-10 
  752       2.862031650642e-10 
  753       2.874327306703e-10 
  754       2.886677546447e-10 
  755       2.899076852662e-10 
  756       2.911519647913e-10 
  757       2.924000294342e-10 
  758       2.936513093464e-10 
  759       2.949052285968e-10 
  760       2.961612051520e-10 
  761       2.974186508555e-10 
  762       2.986769714084e-10 
  763       2.999355663489e-10 
  764       3.011938290323e-10 
  765       3.024511466113e-10 
  766       3.037069000154e-10 
  767       3.049604639311e-10 
  768       3.062112067821e-10 
  769       3.074584907089e-10 
  770       3.087016715487e-10 
  771       3.099400988158e-10 
  772       3.111731156811e-10 
  773       3.124000589522e-10 
  774       3.136202590534e-10 
  775       3.148330400055e-10 
  776       3.160377194061e-10 
  777       3.172336084091e-10 
  778       3.184200660557e-10 
  779       3.195966634257e-10 
  780       3.207630225244e-10 
  781       3.219187622020e-10 
  782       3.230634981441e-10 
  783       3.241968428621e-10 
  784       3.253184056845e-10 
  785       3.264277927470e-10 
  786       3.275246069835e-10 
  787       3.286084481169e-10 
  788       3.296789126497e-10 
  789       3.307355938547e-10 
  790       3.317780817655e-10 
  791       3.328059631678e-10 
  792       3.338188215894e-10 
  793       3.348162372915e-10 
  794       3.357977872590e-10 
  795       3.367630451914e-10 
  796       3.377115814935e-10 
  797       3.386429632661e-10 
  798       3.395567542966e-10 
  799       3.404525150500e-10 
  800       3.413298026592e-10 
  801       3.421881709159e-10 
  802       3.430271702616e-10 
  803       3.438463477779e-10 
  804       3.446452471772e-10 
  805       3.454234087938e-10 
  806       3.461803695742e-10 
  807       3.469156630680e-10 
  808       3.476288194187e-10 
  809       3.483193653543e-10 
  810       3.489868241778e-10 
  811       3.496307157584e-10 
  812       3.502505565217e-10 
  813       3.508458594406e-10 
  814       3.514161340264e-10 
  815       3.519608863188e-10 
  816       3.524796188771e-10 
  817       3.529719022911e-10 
  818       3.534375911329e-10 
  819       3.538766118444e-10 
  820       3.542888915693e-10 
  821       3.546743581574e-10 
  822       3.550329401675e-10 
  823       3.553645668715e-10 
  824       3.556691682577e-10 
  825       3.559466750342e-10 
  826       3.561970186327e-10 
  827       3.564201312121e-10 
  828       3.566159456616e-10 
  829       3.567843956050e-10 
  830       3.569254154034e-10 
  831       3.570389401595e-10 
  832       3.571249057206e-10 
  833       3.571832486825e-10 
  834       3.572139063930e-10 
  835       3.572168169551e-10 
  836       3.571919192312e-10 
  837       3.571391528459e-10 
  838       3.570584581903e-10 
  839       3.569497764249e-10 
  840       3.568130494837e-10 
  841       3.566482200772e-10 
  842       3.564552316964e-10 
  843       3.562340286163e-10 
  844       3.559845558992e-10 
  845       3.557067593983e-10 
  846       3.554005857616e-10 
  847       3.550659824350e-10 
  848       3.547028976662e-10 
  849       3.543112805080e-10 
  850       3.538910808219e-10 
  851       3.534422492819e-10 
  852       3.529647373776e-10 
  853       3.524584974183e-10 
  854       3.519234825360e-10 
  855       3.513596466895e-10 
  856       3.507669937269e-10 
  857       3.501457254857e-10 
  858       3.494960962253e-10 
  859       3.488183638084e-10 
  860       3.481127897119e-10 
  861       3.473796390389e-10 
  862       3.466191805303e-10 
  863       3.458316865762e-10 
  864       3.450174332275e-10 
  865       3.441767002076e-10 
  866       3.433097709238e-10 
  867       3.424169324791e-10 
  868       3.414984756836e-10 
  869       3.405546950660e-10 
  870       3.395858888855e-10 
  871       3.385923591431e-10 
  872       3.375744115932e-10 
  873       3.365323557552e-10 
  874       3.354665049254e-10 
  875       3.343771761880e-10 
  876       3.332646904270e-10 
  877       3.321293723378e-10 
  878       3.309715504387e-10 
  879       3.297915570826e-10 
  880       3.285897284682e-10 
  881       3.273664046521e-10 
  882       3.261219295601e-10 
  883       3.248566509986e-10 
  884       3.235709206666e-10 
  885       3.222650941670e-10 
  886       3.209395310181e-10 
  887       3.195945946655e-10 
  888       3.182306524934e-10 
  889       3.168480758362e-10 
  890       3.154472399902e-10 
  891       3.140285242252e-10 
  892       3.125923117957e-10 
  893       3.111389899531e-10 
  894       3.096689499568e-10 
  895       3.081825895777e-10 
  896       3.066803206293e-10 
  897       3.051625615826e-10 
  898       3.036297350971e-10 
  899       3.020822680329e-10 
  900       3.005205914625e-10 
  901       2.989451406830e-10 
  902       2.973563552278e-10 
  903       2.957546788787e-10 
  904       2.941405596778e-10 
  905       2.925144499395e-10 
  906       2.908768062622e-10 
  907       2.892280895409e-10 
  908       2.875687649781e-10 
  909       2.858993020969e-10 
  910       2.842201747520e-10 
  911       2.825318611424e-10 
  912       2.808348438226e-10 
  913       2.791296097154e-10 
  914       2.774166501231e-10 
  915       2.756964607397e-10 
  916       2.739695416632e-10 
  917       2.722363974070e-10 
  918       2.704975369121e-10 
  919       2.687534735593e-10 
  920       2.670047251805e-10 
  921       2.652518140715e-10 
  922       2.634952670030e-10 
  923       2.617356152336e-10 
  924       2.599733945206e-10 
  925       2.582091451331e-10 
  926       2.564434118631e-10 
  927       2.546767440377e-10 
  928       2.529096955312e-10 
  929       2.511428247770e-10 
  930       2.493766947794e-10 
  931       2.476118731256e-10 
  932       2.458489319979e-10 
  933       2.440884481851e-10 
  934       2.423309626747e-10 
  935       2.405768587104e-10 
  936       2.388264818514e-10 
  937       2.370801802266e-10 
  938       2.353383045409e-10 
  939       2.336012080814e-10 
  940       2.318692467242e-10 
  941       2.301427789404e-10 
  942       2.284221658026e-10 
  943       2.267077709915e-10 
  944       2.249999608022e-10 
  945       2.232991041503e-10 
  946       2.216055725788e-10 
  947       2.199197402640e-10 
  948       2.182419840223e-10 
  949       2.165726833164e-10 
  950       2.149122202616e-10 
  951       2.132609796325e-10 
  952       2.116193488691e-10 
  953       2.099877180832e-10 
  954       2.083664800652e-10 
  955       2.067560302898e-10 
  956       2.051567669232e-10 
  957       2.035690908289e-10 
  958       2.019934055742e-10 
  959       2.004301174367e-10 
  960       1.988796354108e-10 
  961       1.973423712139e-10 
  962       1.958187392929e-10 
  963       1.943091568305e-10 
  964       1.928140437517e-10 
  965       1.913338227300e-10 
  966       1.898689191942e-10 
  967       1.884197613343e-10 
  968       1.869867801084e-10 
  969       1.855704092486e-10 
  970       1.841710852677e-10 
  971       1.827892474655e-10 
  972       1.814253379352e-10 
  973       1.800797441053e-10 
  974       1.787526254063e-10 
  975       1.774440840148e-10 
  976       1.761542220813e-10 
  977       1.748831417296e-10 
  978       1.736309450555e-10 
  979       1.723977341261e-10 
  980       1.711836109791e-10 
  981       1.699886776216e-10 
  982       1.688130360294e-10 
  983       1.676567881462e-10 
  984       1.665200358826e-10 
  985       1.654028811151e-10 
  986       1.643054256855e-10 
  987       1.632277713998e-10 
  988       1.621700200274e-10 
  989       1.611322733002e-10 
  990       1.601146329118e-10 
  991       1.591172005164e-10 
  992       1.581400777282e-10 
  993       1.571833661204e-10 
  994       1.562471672242e-10 
  995       1.553315825281e-10 
  996       1.544367134769e-10 
  997       1.535626614709e-10 
  998       1.527095278649e-10 
  999       1.518774139676e-10 
 1000       1.510664210402e-10 
 1001       1.502766502962e-10 
 1002       1.495082028998e-10 
 1003       1.487611799658e-10 
 1004       1.480356825578e-10 
 1005       1.473318116882e-10 
 1006       1.466496683168e-10 
 1007       1.459893533500e-10 
 1008       1.453509676400e-10 
 1009       1.447346119840e-10 
 1010       1.441403871231e-10 
 1011       1.435683937416e-10 
 1012       1.430186896536e-10 
 1013       1.424911606895e-10 
 1014       1.419856479440e-10 
 1015       1.415019904138e-10 
 1016       1.410400249919e-10 
 1017       1.405995864611e-10 
 1018       1.401805074889e-10 
 1019       1.397826186210e-10 
 1020       1.394057482756e-10 
 1021       1.390497227376e-10 
 1022       1.387143661525e-10 
 1023       1.383995005208e-10 
 1024       1.381049456918e-10 
 1025       1.378305193579e-10 
 1026       1.375760370487e-10 
 1027       1.373413121250e-10 
 1028       1.371261557729e-10 
 1029       1.369303769983e-10 
 1030       1.367537826202e-10 
 1031       1.365961772657e-10 
 1032       1.364573633635e-10 
 1033       1.363371411383e-10 
 1034       1.362353086047e-10 
 1035       1.361516615616e-10 
 1036       1.360859935859e-10 
 1037       1.360380960271e-10 
 1038       1.360077580010e-10 
 1039       1.359947663839e-10 
 1040       1.359989058069e-10 
 1041       1.360199586497e-10 
 1042       1.360577050351e-10 
 1043       1.361119228228e-10 
 1044       1.361823876034e-10 
 1045       1.362688726930e-10 
 1046       1.363711491269e-10 
 1047       1.364889856536e-10 
 1048       1.366221487294e-10 
 1049       1.367704025122e-10 
 1050       1.369335088555e-10 
 1051       1.371112190355e-10 
 1052       1.373032488168e-10 
 1053       1.375093030286e-10 
 1054       1.377290837932e-10 
 1055       1.379622905195e-10 
 1056       1.382086198962e-10 
 1057       1.384677658849e-10 
 1058       1.387394197134e-10 
 1059       1.390232698688e-10 
 1060       1.393190020911e-10 
 1061       1.396262993657e-10 
 1062       1.399448419174e-10 
 1063       1.402743072030e-10 
 1064       1.406143699047e-10 
 1065       1.409647019235e-10 
 1066       1.413249723722e-10 
 1067       1.416948475687e-10 
 1068       1.420739910291e-10 
 1069       1.424620634611e-10 
 1070       1.428587227571e-10 
 1071       1.432636239872e-10 
 1072       1.436764193930e-10 
 1073       1.440967583800e-10 
 1074       1.445242875116e-10 
 1075       1.449586505018e-10 
 1076       1.453994882086e-10 
 1077       1.458464386271e-10 
 1078       1.462991368828e-10 
 1079       1.467572152249e-10 
 1080       1.472203030194e-10 
 1081       1.476880267422e-10 
 1082       1.481600099724e-10 
 1083       1.486358733857e-10 
 1084       1.491152347474e-10 
 1085       1.495977089056e-10 
 1086       1.500829077844e-10 
 1087       1.505704403774e-10 
 1088       1.510599127405e-10 
 1089       1.515509279853e-10 
 1090       1.520431117308e-10 
 1091       1.525361888446e-10 
 1092       1.530299077172e-10 
 1093       1.535240148920e-10 
 1094       1.540182550616e-10 
 1095       1.545123710632e-10 
 1096       1.550061038748e-10 
 1097       1.554991926106e-10 
 1098       1.559913745170e-10 
 1099       1.564823849682e-10 
 1100       1.569719574623e-10 
 1101       1.574598236167e-10 
 1102       1.579457131641e-10 
 1103       1.584293539482e-10 
 1104       1.589104719196e-10 
 1105       1.593887911314e-10 
 1106       1.598640337350e-10 
 1107       1.603359199762e-10 
 1108       1.608041681904e-10 
 1109       1.612684947990e-10 
 1110       1.617286143046e-10 
 1111       1.621842392874e-10 
 1112       1.626350804003e-10 
 1113       1.630808463651e-10 
 1114       1.635212439685e-10 
 1115       1.639559780573e-10 
 1116       1.643847515344e-10 
 1117       1.648072653548e-10 
 1118       1.652232185212e-10 
 1119       1.656323080798e-10 
 1120       1.660342291160e-10 
 1121       1.664286747503e-10 
 1122       1.668153361340e-10 
 1123       1.671939024451e-10 
 1124       1.675640608840e-10 
 1125       1.679254966692e-10 
 1126       1.682778930331e-10 
 1127       1.686209312179e-10 
 1128       1.689542904714e-10 
 1129       1.692776890998e-10 
 1130       1.695910082168e-10 
 1131       1.698941695882e-10 
 1132       1.701870947193e-10 
 1133       1.704697048545e-10 
 1134       1.707419209775e-10 
 1135       1.710036638100e-10 
 1136       1.712548538122e-10 
 1137       1.714954111821e-10 
 1138       1.717252558549e-10 
 1139       1.719443075033e-10 
 1140       1.721524855363e-10 
 1141       1.723497090995e-10 
 1142       1.725358970746e-10 
 1143       1.727109680787e-10 
 1144       1.728748404645e-10 
 1145       1.730274323192e-10 
 1146       1.731686614651e-10 
 1147       1.732984454583e-10 
 1148       1.734167015890e-10 
 1149       1.735233468809e-10 
 1150       1.736182980906e-10 
 1151       1.737014717078e-10 
 1152       1.737727839544e-10 
 1153       1.738321507845e-10 
 1154       1.738794878838e-10 
 1155       1.739147106694e-10 
 1156       1.739377342895e-10 
 1157       1.739484736227e-10 
 1158       1.739468432780e-10 
 1159       1.739327575944e-10 
 1160       1.739061306403e-10 
 1161       1.738668762134e-10 
 1162       1.738149078402e-10 
 1163       1.737501387756e-10 
 1164       1.736724820028e-10 
 1165       1.735818502326e-10 
 1166       1.734781559033e-10 
 1167       1.733613111801e-10 
 1168       1.732312607487e-10 
 1169       1.730880806448e-10 
 1170       1.729318806605e-10 
 1171       1.727627716650e-10 
 1172       1.725808656076e-10 
 1173       1.723862755199e-10 
 1174       1.721791155182e-10 
 1175       1.719595008066e-10 
 1176       1.717275476787e-10 
 1177       1.714833735209e-10 
 1178       1.712270968145e-10 
 1179       1.709588371383e-10 
 1180       1.706787151710e-10 
 1181       1.703868526941e-10 
 1182       1.700833725941e-10 
 1183       1.697683988650e-10 
 1184       1.694420566111e-10 
 1185       1.691044720491e-10 
 1186       1.687557725112e-10 
 1187       1.683960864471e-10 
 1188       1.680255434266e-10 
 1189       1.676442741426e-10 
 1190       1.672524104131e-10 
 1191       1.668500851836e-10 
 1192       1.664374325305e-10 
 1193       1.660145876625e-10 
 1194       1.655816869240e-10 
 1195       1.651388677971e-10 
 1196       1.646862689045e-10 
 1197       1.642240300115e-10 
 1198       1.637522920293e-10 
 1199       1.632711970167e-10 
 1200       1.627808881832e-10 
 1201       1.622815098912e-10 
 1202       1.617732076589e-10 
 1203       1.612561281622e-10 
 1204       1.607304192379e-10 
 1205       1.601962298859e-10 
 1206       1.596537102714e-10 
 1207       1.591030206742e-10 
 1208       1.585443584467e-10 
 1209       1.579779313871e-10 
 1210       1.574039488259e-10 
 1211       1.568226216297e-10 
 1212       1.562341622040e-10 
 1213       1.556387844964e-10 
 1214       1.550367040004e-10 
 1215       1.544281377582e-10 
 1216       1.538133043640e-10 
 1217       1.531924239674e-10 
 1218       1.525657182767e-10 
 1219       1.519334105619e-10 
 1220       1.512957256582e-10 
 1221       1.506528899693e-10 
 1222       1.500051314704e-10 
 1223       1.493526797116e-10 
 1224       1.486957658212e-10 
 1225       1.480346225089e-10 
 1226       1.473694840691e-10 
 1227       1.467005863842e-10 
 1228       1.460281669278e-10 
 1229       1.453524647677e-10 
 1230       1.446737205698e-10 
 1231       1.439921766007e-10 
 1232       1.433080767314e-10 
 1233       1.426216664404e-10 
 1234       1.419331928167e-10 
 1235       1.412429045637e-10 
 1236       1.405510520019e-10 
 1237       1.398578870722e-10 
 1238       1.391636633394e-10 
 1239       1.384686359956e-10 
 1240       1.377730618628e-10 
 1241       1.370771993968e-10 
 1242       1.363813086903e-10 
 1243       1.356856514759e-10 
 1244       1.349904911297e-10 
 1245       1.342960926744e-10 
 1246       1.336027069043e-10 
 1247       1.329105225503e-10 
 1248       1.322197135603e-10 
 1249       1.315304549284e-10 
 1250       1.308429226970e-10 
 1251       1.301572939587e-10 
 1252       1.294737468588e-10 
 1253       1.287924605966e-10 
 1254       1.281136154281e-10 
 1255       1.274373926675e-10 
 1256       1.267639746897e-10 
 1257       1.260935449321e-10 
 1258       1.254262878965e-10 
 1259       1.247623891515e-10 
 1260       1.241020353342e-10 
 1261       1.234454141523e-10 
 1262       1.227927143863e-10 
 1263       1.221441258915e-10 
 1264       1.214998395996e-10 
 1265       1.208600475214e-10 
 1266       1.202249427486e-10 
 1267       1.195947194554e-10 
 1268       1.189695729012e-10 
 1269       1.183496994321e-10 
 1270       1.177352964834e-10 
 1271       1.171265625811e-10 
 1272       1.165236973445e-10 
 1273       1.159269014877e-10 
 1274       1.153363768221e-10 
 1275       1.147523262581e-10 
 1276       1.141749538073e-10 
 1277       1.136044645845e-10 
 1278       1.130410648096e-10 
 1279       1.124849618098e-10 
 1280       1.119363640218e-10 
 1281       1.113954809933e-10 
 1282       1.108625233857e-10 
 1283       1.103377029753e-10 
 1284       1.098212326564e-10 
 1285       1.093132983479e-10 
 1286       1.088139743630e-10 
 1287       1.083233070812e-10 
 1288       1.078413429553e-10 
 1289       1.073681285110e-10 
 1290       1.069037103476e-10 
 1291       1.064481351376e-10 
 1292       1.060014496266e-10 
 1293       1.055637006334e-10 
 1294       1.051349350502e-10 
 1295       1.047151998422e-10 
 1296       1.043045420480e-10 
 1297       1.039030087792e-10 
 1298       1.035106472207e-10 
 1299       1.031275046306e-10 
 1300       1.027536283402e-10 
 1301       1.023890657538e-10 
 1302       1.020338643489e-10 
 1303       1.016880716764e-10 
 1304       1.013517353601e-10 
 1305       1.010249030970e-10 
 1306       1.007076226573e-10 
 1307       1.003999418841e-10 
 1308       1.001019086939e-10 
 1309       9.981357107626e-11 
 1310       9.953497709369e-11 
 1311       9.926617488194e-11 
 1312       9.900721264979e-11 
 1313       9.875813867914e-11 
 1314       9.851900132493e-11 
 1315       9.828984901521e-11 
 1316       9.807073025108e-11 
 1317       9.786169360668e-11 
 1318       9.766278772924e-11 
 1319       9.747406133899e-11 
 1320       9.729556322924e-11 
 1321       9.712734226629e-11 
 1322       9.696944738949e-11 
 1323       9.682192761120e-11 
 1324       9.668480867829e-11 
 1325       9.655802277452e-11 
 1326       9.644147804185e-11 
 1327       9.633508184686e-11 
 1328       9.623874077919e-11 
 1329       9.615236064991e-11 
 1330       9.607584648992e-11 
 1331       9.600910254837e-11 
 1332       9.595203229101e-11 
 1333       9.590453839865e-11 
 1334       9.586652276551e-11 
 1335       9.583788649760e-11 
 1336       9.581852991119e-11 
 1337       9.580835253113e-11 
 1338       9.580725308930e-11 
 1339       9.581512952298e-11 
 1340       9.583187897323e-11 
 1341       9.585739778335e-11 
 1342       9.589158149721e-11 
 1343       9.593432485767e-11 
 1344       9.598552180500e-11 
 1345       9.604506547523e-11 
 1346       9.611284819859e-11 
 1347       9.618876149788e-11 
 1348       9.627269608689e-11 
 1349       9.636454186878e-11 
 1350       9.646418793446e-11 
 1351       9.657152256103e-11 
 1352       9.668643321013e-11 
 1353       9.680880652640e-11 
 1354       9.693852833578e-11 
 1355       9.707548364401e-11 
 1356       9.721955663497e-11 
 1357       9.737063066906e-11 
 1358       9.752858828166e-11 
 1359       9.769331118146e-11 
 1360       9.786468024891e-11 
 1361       9.804257553458e-11 
 1362       9.822687625758e-11 
 1363       9.841745424156e-11 
 1364       9.861415414899e-11 
 1365       9.881681303165e-11 
 1366       9.902526687173e-11 
 1367       9.923935057983e-11 
 1368       9.945889799291e-11 
 1369       9.968374187227e-11 
 1370       9.991371390152e-11 
 1371       1.001486446846e-10 
 1372       1.003883637436e-10 
 1373       1.006326995169e-10 
 1374       1.008814793572e-10 
 1375       1.011345295292e-10 
 1376       1.013916752078e-10 
 1377       1.016527404762e-10 
 1378       1.019175483234e-10 
 1379       1.021859206427e-10 
 1380       1.024576782293e-10 
 1381       1.027326407786e-10 
 1382       1.030106268838e-10 
 1383       1.032914540341e-10 
 1384       1.035749386128e-10 
 1385       1.038608958949e-10 
 1386       1.041491400454e-10 
 1387       1.044394841172e-10 
 1388       1.047317400488e-10 
 1389       1.050257186628e-10 
 1390       1.053212296634e-10 
 1391       1.056180816346e-10 
 1392       1.059160820380e-10 
 1393       1.062150372112e-10 
 1394       1.065147523651e-10 
 1395       1.068150315825e-10 
 1396       1.071156778157e-10 
 1397       1.074164928847e-10 
 1398       1.077172774749e-10 
 1399       1.080178311353e-10 
 1400       1.083179522765e-10 
 1401       1.086174381685e-10 
 1402       1.089160964029e-10 
 1403       1.092137794153e-10 
 1404       1.095103503188e-10 
 1405       1.098056714714e-10 
 1406       1.100996044747e-10 
 1407       1.103920101725e-10 
 1408       1.106827486494e-10 
 1409       1.109716792295e-10 
 1410       1.112586604754e-10 
 1411       1.115435501863e-10 
 1412       1.118262053970e-10 
 1413       1.121064823767e-10 
 1414       1.123842366273e-10 
 1415       1.126593228824e-10 
 1416       1.129315951058e-10 
 1417       1.132009064904e-10 
 1418       1.134671094563e-10 
 1419       1.137300556504e-10 
 1420       1.139895959440e-10 
 1421       1.142455804324e-10 
 1422       1.144978584331e-10 
 1423       1.147462784845e-10 
 1424       1.149906883446e-10 
 1425       1.152309349898e-10 
 1426       1.154668646135e-10 
 1427       1.156983226245e-10 
 1428       1.159251536463e-10 
 1429       1.161472015152e-10 
 1430       1.163643092791e-10 
 1431       1.165763191962e-10 
 1432       1.167830727341e-10 
 1433       1.169844105676e-10 
 1434       1.171801725782e-10 
 1435       1.173701978521e-10 
 1436       1.175543246797e-10 
 1437       1.177323905532e-10 
 1438       1.179042321663e-10 
 1439       1.180696854122e-10 
 1440       1.182285853825e-10 
 1441       1.183807873491e-10 
 1442       1.185262299453e-10 
 1443       1.186648726233e-10 
 1444       1.187966747289e-10 
 1445       1.189215955017e-10 
 1446       1.190395940745e-10 
 1447       1.191506294739e-10 
 1448       1.192546606194e-10 
 1449       1.193516463238e-10 
 1450       1.194415452931e-10 
 1451       1.195243161260e-10 
 1452       1.195999173140e-10 
 1453       1.196683072414e-10 
 1454       1.197294441852e-10 
 1455       1.197832863145e-10 
 1456       1.198297916910e-10 
 1457       1.198689182687e-10 
 1458       1.199006238934e-10 
 1459       1.199248663033e-10 
 1460       1.199416031282e-10 
 1461       1.199507918897e-10 
 1462       1.199523900011e-10 
 1463       1.199463547673e-10 
 1464       1.199326433844e-10 
 1465       1.199112129402e-10 
 1466       1.198820204132e-10 
 1467       1.198450226734e-10 
 1468       1.198001764814e-10 
 1469       1.197474384889e-10 
 1470       1.196867652383e-10 
 1471       1.196181131624e-10 
 1472       1.195414385848e-10 
 1473       1.194566977193e-10 
 1474       1.193638466698e-10 
 1475       1.192628414308e-10 
 1476       1.191536378863e-10 
 1477       1.190361918107e-10 
 1478       1.189104588678e-10 
 1479       1.187763946114e-10 
 1480       1.186339727306e-10 
 1481       1.184832399853e-10 
 1482       1.183242618135e-10 
 1483       1.181571041356e-10 
 1484       1.179818333552e-10 
 1485       1.177985163603e-10 
 1486       1.176072205235e-10 
 1487       1.174080137038e-10 
 1488       1.172009642466e-10 
 1489       1.169861409852e-10 
 1490       1.167636132414e-10 
 1491       1.165334508265e-10 
 1492       1.162957240420e-10 
 1493       1.160505036808e-10 
 1494       1.157978610277e-10 
 1495       1.155378678606e-10 
 1496       1.152705964513e-10 
 1497       1.149961195662e-10 
 1498       1.147145104674e-10 
 1499       1.144258429137e-10 
 1500       1.141301911609e-10 
 1501       1.138276299635e-10 
 1502       1.135182345749e-10 
 1503       1.132020807485e-10 
 1504       1.128792447389e-10 
 1505       1.125498033023e-10 
 1506       1.122138336977e-10 
 1507       1.118714136875e-10 
 1508       1.115226215388e-10 
 1509       1.111675360240e-10 
 1510       1.108062364215e-10 
 1511       1.104388025171e-10 
 1512       1.100653146044e-10 
 1513       1.096858534861e-10 
 1514       1.093005004743e-10 
 1515       1.089093373922e-10 
 1516       1.085124465741e-10 
 1517       1.081099108669e-10 
 1518       1.077018136310e-10 
 1519       1.072882450532e-10 
 1520       1.068693211530e-10 
 1521       1.064451649612e-10 
 1522       1.060159002255e-10 
 1523       1.055816514117e-10 
 1524       1.051425437045e-10 
 1525       1.046987030092e-10 
 1526       1.042502559527e-10 
 1527       1.037973298847e-10 
 1528       1.033400528789e-10 
 1529       1.028785537342e-10 
 1530       1.024129619761e-10 
 1531       1.019434078578e-10 
 1532       1.014700223611e-10 
 1533       1.009929371981e-10 
 1534       1.005122848122e-10 
 1535       1.000281983793e-10 
 1536       9.954081180890e-11 
 1537       9.905025974566e-11 
 1538       9.855667757021e-11 
 1539       9.806020140060e-11 
 1540       9.756096809344e-11 
 1541       9.705911524513e-11 
 1542       9.655478119306e-11 
 1543       9.604810501681e-11 
 1544       9.553922653939e-11 
 1545       9.502828632844e-11 
 1546       9.451542569743e-11 
 1547       9.400078670687e-11 
 1548       9.348451216554e-11 
 1549       9.296674563169e-11 
 1550       9.244763141427e-11 
 1551       9.192731457409e-11 
 1552       9.140594092509e-11 
 1553       9.088365703552e-11 
 1554       9.036061022917e-11 
 1555       8.983694858655e-11 
 1556       8.931282094612e-11 
 1557       8.878837690553e-11 
 1558       8.826375982678e-11 
 1559       8.773908577759e-11 
 1560       8.721446439475e-11 
 1561       8.669000586304e-11 
 1562       8.616582091609e-11 
 1563       8.564202083723e-11 
 1564       8.511871746040e-11 
 1565       8.459602317096e-11 
 1566       8.407405090662e-11 
 1567       8.355291415823e-11 
 1568       8.303272697071e-11 
 1569       8.251360394389e-11 
 1570       8.199566023337e-11 
 1571       8.147901155139e-11 
 1572       8.096377416771e-11 
 1573       8.045006491046e-11 
 1574       7.993800116700e-11 
 1575       7.942770088481e-11 
 1576       7.891928257233e-11 
 1577       7.841286529984e-11 
 1578       7.790856870032e-11 
 1579       7.740651297033e-11 
 1580       7.690681887085e-11 
 1581       7.640960772816e-11 
 1582       7.591500143471e-11 
 1583       7.542312245000e-11 
 1584       7.493409380138e-11 
 1585       7.444803908501e-11 
 1586       7.396508246665e-11 
 1587       7.348534868256e-11 
 1588       7.300896304036e-11 
 1589       7.253605141990e-11 
 1590       7.206674027412e-11 
 1591       7.160115662990e-11 
 1592       7.113942808897e-11 
 1593       7.068168282873e-11 
 1594       7.022804960313e-11 
 1595       6.977865774355e-11 
 1596       6.933363715964e-11 
 1597       6.889310351009e-11 
 1598       6.845711356442e-11 
 1599       6.802570943400e-11 
 1600       6.759893336522e-11 
 1601       6.717682773968e-11 
 1602       6.675943507433e-11 
 1603       6.634679802169e-11 
 1604       6.593895936996e-11 
 1605       6.553596204321e-11 
 1606       6.513784910156e-11 
 1607       6.474466374134e-11 
 1608       6.435644929526e-11 
 1609       6.397324923258e-11 
 1610       6.359510715925e-11 
 1611       6.322206681814e-11 
 1612       6.285417208914e-11 
 1613       6.249146698938e-11 
 1614       6.213399567337e-11 
 1615       6.178180243318e-11 
 1616       6.143493169860e-11 
 1617       6.109342803731e-11 
 1618       6.075733615508e-11 
 1619       6.042670089586e-11 
 1620       6.010156724205e-11 
 1621       5.978198031457e-11 
 1622       5.946798537312e-11 
 1623       5.915962781627e-11 
 1624       5.885695318168e-11 
 1625       5.856000714623e-11 
 1626       5.826883552624e-11 
 1627       5.798348427757e-11 
 1628       5.770399949586e-11 
 1629       5.743042741664e-11 
 1630       5.716281441553e-11 
 1631       5.690120700840e-11 
 1632       5.664565185154e-11 
 1633       5.639619574182e-11 
 1634       5.615288561687e-11 
 1635       5.591576855526e-11 
 1636       5.568487804713e-11 
 1637       5.546019267175e-11 
 1638       5.524167705079e-11 
 1639       5.502929554382e-11 
 1640       5.482301224791e-11 
 1641       5.462279099713e-11 
 1642       5.442859536213e-11 
 1643       5.424038864968e-11 
 1644       5.405813390225e-11 
 1645       5.388179389752e-11 
 1646       5.371133114797e-11 
 1647       5.354670790043e-11 
 1648       5.338788613560e-11 
 1649       5.323482756765e-11 
 1650       5.308749364373e-11 
 1651       5.294584554356e-11 
 1652       5.280984417895e-11 
 1653       5.267945019339e-11 
 1654       5.255462396155e-11 
 1655       5.243532558890e-11 
 1656       5.232151491121e-11 
 1657       5.221315149413e-11 
 1658       5.211019463273e-11 
 1659       5.201260335106e-11 
 1660       5.192033640169e-11 
 1661       5.183335226531e-11 
 1662       5.175160915020e-11 
 1663       5.167506499186e-11 
 1664       5.160367745254e-11 
 1665       5.153740392077e-11 
 1666       5.147620151093e-11 
 1667       5.142002706282e-11 
 1668       5.136883714119e-11 
 1669       5.132258803528e-11 
 1670       5.128123575843e-11 
 1671       5.124473604756e-11 
 1672       5.121304436279e-11 
 1673       5.118611588694e-11 
 1674       5.116390552512e-11 
 1675       5.114636199856e-11 
 1676       5.113341007069e-11 
 1677       5.112496816492e-11 
 1678       5.112095425555e-11 
 1679       5.112128586709e-11 
 1680       5.112588007354e-11 
 1681       5.113465349772e-11 
 1682       5.114752231052e-11 
 1683       5.116440223024e-11 
 1684       5.118520852191e-11 
 1685       5.120985599652e-11 
 1686       5.123825901038e-11 
 1687       5.127033146442e-11 
 1688       5.130598680345e-11 
 1689       5.134513801551e-11 
 1690       5.138769763111e-11 
 1691       5.143357772260e-11 
 1692       5.148268990343e-11 
 1693       5.153494532744e-11 
 1694       5.159025468821e-11 
 1695       5.164852821830e-11 
 1696       5.170967568859e-11 
 1697       5.177360640758e-11 
 1698       5.184022922068e-11 
 1699       5.190945250950e-11 
 1700       5.198118419117e-11 
 1701       5.205533171765e-11 
 1702       5.213180207497e-11 
 1703       5.221050178263e-11 
 1704       5.229133689282e-11 
 1705       5.237421298973e-11 
 1706       5.245903518891e-11 
 1707       5.254570813648e-11 
 1708       5.263413600851e-11 
 1709       5.272422251030e-11 
 1710       5.281587087563e-11 
 1711       5.290898386613e-11 
 1712       5.300346377055e-11 
 1713       5.309921240406e-11 
 1714       5.319613478598e-11 
 1715       5.329415020876e-11 
 1716       5.339318126209e-11 
 1717       5.349315016253e-11 
 1718       5.359397875291e-11 
 1719       5.369558850184e-11 
 1720       5.379790050311e-11 
 1721       5.390083547518e-11 
 1722       5.400431376061e-11 
 1723       5.410825532550e-11 
 1724       5.421257975897e-11 
 1725       5.431720627260e-11 
 1726       5.442205369986e-11 
 1727       5.452704049560e-11 
 1728       5.463208473545e-11 
 1729       5.473710411533e-11 
 1730       5.484201595086e-11 
 1731       5.494673717680e-11 
 1732       5.505118434657e-11 
 1733       5.515527363160e-11 
 1734       5.525892082087e-11 
 1735       5.536204132031e-11 
 1736       5.546455015228e-11 
 1737       5.556636195499e-11 
 1738       5.566739098198e-11 
 1739       5.576755110155e-11 
 1740       5.586675579623e-11 
 1741       5.596491816221e-11 
 1742       5.606195090881e-11 
 1743       5.615776635792e-11 
 1744       5.625227644344e-11 
 1745       5.634539271078e-11 
 1746       5.643702631622e-11 
 1747       5.652708802647e-11 
 1748       5.661548821804e-11 
 1749       5.670213687671e-11 
 1750       5.678694359701e-11 
 1751       5.686981758164e-11 
 1752       5.695066764093e-11 
 1753       5.702941189818e-11 
 1754       5.710600699539e-11 
 1755       5.718041913020e-11 
 1756       5.725261437202e-11 
 1757       5.732255866178e-11 
 1758       5.739021781180e-11 
 1759       5.745555750564e-11 
 1760       5.751854329788e-11 
 1761       5.757914061399e-11 
 1762       5.763731475015e-11 
 1763       5.769303087306e-11 
 1764       5.774625401979e-11 
 1765       5.779694909761e-11 
 1766       5.784508088382e-11 
 1767       5.789061402555e-11 
 1768       5.793351303965e-11 
 1769       5.797374231244e-11 
 1770       5.801126609962e-11 
 1771       5.804604852604e-11 
 1772       5.807805358558e-11 
 1773       5.810724514091e-11 
 1774       5.813358692339e-11 
 1775       5.815704253287e-11 
 1776       5.817757543753e-11 
 1777       5.819514897366e-11 
 1778       5.820972634558e-11 
 1779       5.822127062540e-11 
 1780       5.822974475286e-11 
 1781       5.823511153518e-11 
 1782       5.823733364688e-11 
 1783       5.823637362960e-11 
 1784       5.823219389196e-11 
 1785       5.822475670935e-11 
 1786       5.821402422377e-11 
 1787       5.819995844369e-11 
 1788       5.818252124384e-11 
 1789       5.816167436507e-11 
 1790       5.813737941417e-11 
 1791       5.810959786367e-11 
 1792       5.807830078194e-11 
 1793       5.804349811051e-11 
 1794       5.800520962547e-11 
 1795       5.796345522912e-11 
 1796       5.791825495018e-11 
 1797       5.786962894399e-11 
 1798       5.781759749269e-11 
 1799       5.776218100542e-11 
 1800       5.770340001850e-11 
 1801       5.764127519565e-11 
 1802       5.757582732815e-11 
 1803       5.750707733505e-11 
 1804       5.743504626337e-11 
 1805       5.735975528830e-11 
 1806       5.728122571335e-11 
 1807       5.719947897058e-11 
 1808       5.711453662080e-11 
 1809       5.702642035374e-11 
 1810       5.693515198825e-11 
 1811       5.684075347248e-11 
 1812       5.674324688411e-11 
 1813       5.664265443051e-11 
 1814       5.653899844894e-11 
 1815       5.643230140677e-11 
 1816       5.632258590160e-11 
 1817       5.620987466156e-11 
 1818       5.609419054541e-11 
 1819       5.597555654277e-11 
 1820       5.585399577433e-11 
 1821       5.572953149202e-11 
 1822       5.560218707919e-11 
 1823       5.547198605084e-11 
 1824       5.533895205380e-11 
 1825       5.520310886689e-11 
 1826       5.506448040116e-11 
 1827       5.492309070007e-11 
 1828       5.477896393967e-11 
 1829       5.463212442878e-11 
 1830       5.448259660923e-11 
 1831       5.433040975147e-11 
 1832       5.417561208213e-11 
 1833       5.401825676976e-11 
 1834       5.385839724001e-11 
 1835       5.369608717596e-11 
 1836       5.353138051849e-11 
 1837       5.336433146666e-11 
 1838       5.319499447805e-11 
 1839       5.302342426912e-11 
 1840       5.284967581559e-11 
 1841       5.267380435278e-11 
 1842       5.249586537599e-11 
 1843       5.231591464086e-11 
 1844       5.213400816369e-11 
 1845       5.195020222188e-11 
 1846       5.176455335419e-11 
 1847       5.157711836122e-11 
 1848       5.138795430565e-11 
 1849       5.119711851269e-11 
 1850       5.100466857041e-11 
 1851       5.081066233009e-11 
 1852       5.061515790658e-11 
 1853       5.041821367870e-11 
 1854       5.021988828956e-11 
 1855       5.002024064693e-11 
 1856       4.981932992362e-11 
 1857       4.961721555781e-11 
 1858       4.941395725343e-11 
 1859       4.920961498054e-11 
 1860       4.900424897564e-11 
 1861       4.879791974209e-11 
 1862       4.859068805042e-11 
 1863       4.838261493872e-11 
 1864       4.817376171300e-11 
 1865       4.796418994754e-11 
 1866       4.775396148525e-11 
 1867       4.754313843806e-11 
 1868       4.733178318723e-11 
 1869       4.711995838375e-11 
 1870       4.690772507253e-11 
 1871       4.669513704807e-11 
 1872       4.648224645535e-11 
 1873       4.626910566226e-11 
 1874       4.605576725988e-11 
 1875       4.584228406282e-11 
 1876       4.562870910949e-11 
 1877       4.541509566240e-11 
 1878       4.520149720845e-11 
 1879       4.498796745925e-11 
 1880       4.477456035140e-11 
 1881       4.456133004678e-11 
 1882       4.434833093285e-11 
 1883       4.413561762298e-11 
 1884       4.392324495669e-11 
 1885       4.371126799999e-11 
 1886       4.349974204565e-11 
 1887       4.328872261353e-11 
 1888       4.307826545083e-11 
 1889       4.286842653243e-11 
 1890       4.265926206117e-11 
 1891       4.245082846814e-11 
 1892       4.224318241297e-11 
 1893       4.203638078417e-11 
 1894       4.183048069936e-11 
 1895       4.162553950563e-11 
 1896       4.142161477981e-11 
 1897       4.121876432873e-11 
 1898       4.101704618960e-11 
 1899       4.081651863023e-11 
 1900       4.061724014937e-11 
 1901       4.041926947698e-11 
 1902       4.022266557456e-11 
 1903       4.002748763539e-11 
 1904       3.983379508491e-11 
 1905       3.964164758094e-11 
 1906       3.945110501400e-11 
 1907       3.926222750765e-11 
 1908       3.907507541870e-11 
 1909       3.888970301940e-11 
 1910       3.870613949015e-11 
 1911       3.852440778161e-11 
 1912       3.834453091979e-11 
 1913       3.816653200611e-11 
 1914       3.799043421749e-11 
 1915       3.781626080646e-11 
 1916       3.764403510123e-11 
 1917       3.747378050579e-11 
 1918       3.730552049998e-11 
 1919       3.713927863961e-11 
 1920       3.697507855652e-11 
 1921       3.681294395868e-11 
 1922       3.665289863029e-11 
 1923       3.649496643182e-11 
 1924       3.633917130019e-11 
 1925       3.618553724876e-11 
 1926       3.603408836750e-11 
 1927       3.588484882300e-11 
 1928       3.573784285864e-11 
 1929       3.559309479463e-11 
 1930       3.545062902808e-11 
 1931       3.531047003316e-11 
 1932       3.517264236112e-11 
 1933       3.503717064040e-11 
 1934       3.490407957676e-11 
 1935       3.477339395328e-11 
 1936       3.464513863055e-11 
 1937       3.451933854667e-11 
 1938       3.439601871741e-11 
 1939       3.427520423626e-11 
 1940       3.415692027450e-11 
 1941       3.404119208135e-11 
 1942       3.392804498402e-11 
 1943       3.381750438777e-11 
 1944       3.370959577607e-11 
 1945       3.360434471063e-11 
 1946       3.350177683151e-11 
 1947       3.340191785722e-11 
 1948       3.330478691300e-11 
 1949       3.321037646079e-11 
 1950       3.311867221867e-11 
 1951       3.302965981882e-11 
 1952       3.294332480739e-11 
 1953       3.285965264439e-11 
 1954       3.277862870357e-11 
 1955       3.270023827228e-11 
 1956       3.262446655137e-11 
 1957       3.255129865506e-11 
 1958       3.248071961080e-11 
 1959       3.241271435918e-11 
 1960       3.234726775379e-11 
 1961       3.228436456110e-11 
 1962       3.222398946032e-11 
 1963       3.216612704332e-11 
 1964       3.211076181447e-11 
 1965       3.205787819054e-11 
 1966       3.200746050054e-11 
 1967       3.195949298568e-11 
 1968       3.191395979914e-11 
 1969       3.187084500604e-11 
 1970       3.183013258327e-11 
 1971       3.179180641936e-11 
 1972       3.175585031441e-11 
 1973       3.172224797992e-11 
 1974       3.169098303867e-11 
 1975       3.166203902461e-11 
 1976       3.163539938278e-11 
 1977       3.161104746908e-11 
 1978       3.158896655027e-11 
 1979       3.156913980376e-11 
 1980       3.155155031754e-11 
 1981       3.153618109001e-11 
 1982       3.152301502992e-11 
 1983       3.151203495619e-11 
 1984       3.150322359782e-11 
 1985       3.149656359375e-11 
 1986       3.149203749275e-11 
 1987       3.148962430334e-11 
 1988       3.148928911594e-11 
 1989       3.149099340399e-11 
 1990       3.149469846682e-11 
 1991       3.150036542937e-11 
 1992       3.150795524196e-11 
 1993       3.151742868010e-11 
 1994       3.152874634425e-11 
 1995       3.154186865955e-11 
 1996       3.155675587567e-11 
 1997       3.157336806653e-11 
 1998       3.159166513007e-11 
 1999       3.161160678805e-11 
 2000       3.163315258583e-11 
 2001       3.165626189209e-11 
 2002       3.168089389866e-11 
 2003       3.170700762026e-11 
 2004       3.173456189431e-11 
 2005       3.176351538065e-11 
 2006       3.179382656134e-11 
 2007       3.182545374045e-11 
 2008       3.185835504381e-11 
 2009       3.189248841879e-11 
 2010       3.192781163407e-11 
 2011       3.196428227942e-11 
 2012       3.200185776546e-11 
 2013       3.204049532345e-11 
 2014       3.208015200506e-11 
 2015       3.212078468214e-11 
 2016       3.216235004646e-11 
 2017       3.220480460956e-11 
 2018       3.224810470246e-11 
 2019       3.229220647542e-11 
 2020       3.233706589780e-11 
 2021       3.238263875773e-11 
 2022       3.242888066195e-11 
 2023       3.247574703557e-11 
 2024       3.252319312182e-11 
 2025       3.257117398185e-11 
 2026       3.261964558798e-11 
 2027       3.266856811262e-11 
 2028       3.271790266269e-11 
 2029       3.276761018803e-11 
 2030       3.281765148126e-11 
 2031       3.286798717756e-11 
 2032       3.291857775447e-11 
 2033       3.296938353171e-11 
 2034       3.302036467099e-11 
 2035       3.307148117578e-11 
 2036       3.312269289116e-11 
 2037       3.317395950360e-11 
 2038       3.322524054075e-11 
 2039       3.327649537129e-11 
 2040       3.332768320470e-11 
 2041       3.337876309107e-11 
 2042       3.342969392090e-11 
 2043       3.348043442495e-11 
 2044       3.353094317396e-11 
 2045       3.358117857855e-11 
 2046       3.363109888895e-11 
 2047       3.368066219484e-11 
 2048       3.372982642516e-11 
 2049       3.377854934790e-11 
 2050       3.382678856989e-11 
 2051       3.387450153667e-11 
 2052       3.392164553219e-11 
 2053       3.396817767873e-11 
 2054       3.401405493662e-11 
 2055       3.405923410408e-11 
 2056       3.410367181702e-11 
 2057       3.414732454884e-11 
 2058       3.419014861026e-11 
 2059       3.423210014908e-11 
 2060       3.427313515003e-11 
 2061       3.431320943454e-11 
 2062       3.435227866056e-11 
 2063       3.439029832239e-11 
 2064       3.442722375042e-11 
 2065       3.446301446443e-11 
 2066       3.449764726729e-11 
 2067       3.453110324365e-11 
 2068       3.456336341488e-11 
 2069       3.459440873899e-11 
 2070       3.462422011057e-11 
 2071       3.465277836068e-11 
 2072       3.468006425683e-11 
 2073       3.470605850288e-11 
 2074       3.473074173896e-11 
 2075       3.475409454141e-11 
 2076       3.477609742272e-11 
 2077       3.479673083142e-11 
 2078       3.481597515204e-11 
 2079       3.483381070504e-11 
 2080       3.485021774669e-11 
 2081       3.486517646908e-11 
 2082       3.487866699996e-11 
 2083       3.489066940273e-11 
 2084       3.490116367634e-11 
 2085       3.491012975521e-11 
 2086       3.491754750919e-11 
 2087       3.492339674345e-11 
 2088       3.492765719845e-11 
 2089       3.493030854981e-11 
 2090       3.493133040829e-11 
 2091       3.493070231969e-11 
 2092       3.492840376479e-11 
 2093       3.492441415928e-11 
 2094       3.491871285366e-11 
 2095       3.491127913321e-11 
 2096       3.490209221787e-11 
 2097       3.489113126221e-11 
 2098       3.487837535534e-11 
 2099       3.486380352083e-11 
 2100       3.484739471665e-11 
 2101       3.482912783509e-11 
 2102       3.480898170269e-11 
 2103       3.478693508018e-11 
 2104       3.476297152883e-11 
 2105       3.473709404685e-11 
 2106       3.470931053469e-11 
 2107       3.467962893790e-11 
 2108       3.464805724718e-11 
 2109       3.461460349843e-11 
 2110       3.457927577286e-11 
 2111       3.454208219697e-11 
 2112       3.450303094267e-11 
 2113       3.446213022732e-11 
 2114       3.441938831379e-11 
 2115       3.437481351052e-11 
 2116       3.432841417157e-11 
 2117       3.428019869670e-11 
 2118       3.423017553140e-11 
 2119       3.417835316699e-11 
 2120       3.412474014063e-11 
 2121       3.406934503542e-11 
 2122       3.401217648045e-11 
 2123       3.395324315083e-11 
 2124       3.389255376781e-11 
 2125       3.383011709877e-11 
 2126       3.376594195732e-11 
 2127       3.370003720337e-11 
 2128       3.363241174314e-11 
 2129       3.356307452927e-11 
 2130       3.349203456085e-11 
 2131       3.341930088351e-11 
 2132       3.334488258942e-11 
 2133       3.326878881743e-11 
 2134       3.319102875304e-11 
 2135       3.311161162856e-11 
 2136       3.303054672307e-11 
 2137       3.294784336254e-11 
 2138       3.286351091989e-11 
 2139       3.277755881501e-11 
 2140       3.268999651485e-11 
 2141       3.260083353348e-11 
 2142       3.251007943213e-11 
 2143       3.241774661628e-11 
 2144       3.232385874755e-11 
 2145       3.222844238942e-11 
 2146       3.213152421548e-11 
 2147       3.203313100964e-11 
 2148       3.193328966624e-11 
 2149       3.183202719015e-11 
 2150       3.172937069696e-11 
 2151       3.162534741305e-11 
 2152       3.151998467579e-11 
 2153       3.141330993361e-11 
 2154       3.130535074617e-11 
 2155       3.119613478448e-11 
 2156       3.108568983103e-11 
 2157       3.097404377993e-11 
 2158       3.086122463704e-11 
 2159       3.074726052010e-11 
 2160       3.063217965886e-11 
 2161       3.051601039523e-11 
 2162       3.039878118337e-11 
 2163       3.028052058988e-11 
 2164       3.016125729389e-11 
 2165       3.004102008721e-11 
 2166       2.991983787445e-11 
 2167       2.979773967316e-11 
 2168       2.967475461398e-11 
 2169       2.955091194074e-11 
 2170       2.942624101061e-11 
 2171       2.930077129423e-11 
 2172       2.917453237584e-11 
 2173       2.904755395343e-11 
 2174       2.891986583883e-11 
 2175       2.879149795790e-11 
 2176       2.866248035061e-11 
 2177       2.853284317121e-11 
 2178       2.840261668833e-11 
 2179       2.827183128513e-11 
 2180       2.814051745946e-11 
 2181       2.800870582393e-11 
 2182       2.787642675616e-11 
 2183       2.774370934650e-11 
 2184       2.761058244351e-11 
 2185       2.747707500334e-11 
 2186       2.734321608992e-11 
 2187       2.720903487498e-11 
 2188       2.707456063829e-11 
 2189       2.693982276769e-11 
 2190       2.680485075927e-11 
 2191       2.666967421748e-11 
 2192       2.653432285523e-11 
 2193       2.639882649403e-11 
 2194       2.626321506415e-11 
 2195       2.612751860467e-11 
 2196       2.599176726366e-11 
 2197       2.585599129830e-11 
 2198       2.572022107496e-11 
 2199       2.558448706937e-11 
 2200       2.544881986673e-11 
 2201       2.531325016183e-11 
 2202       2.517780875917e-11 
 2203       2.504252657309e-11 
 2204       2.490743462789e-11 
 2205       2.477256405795e-11 
 2206       2.463794610788e-11 
 2207       2.450361213259e-11 
 2208       2.436959359748e-11 
 2209       2.423592207851e-11 
 2210       2.410262926234e-11 
 2211       2.396974694646e-11 
 2212       2.383730703932e-11 
 2213       2.370534156044e-11 
 2214       2.357388264053e-11 
 2215       2.344296252162e-11 
 2216       2.331261355720e-11 
 2217       2.318286821232e-11 
 2218       2.305375906371e-11 
 2219       2.292531879994e-11 
 2220       2.279758022149e-11 
 2221       2.267057344267e-11 
 2222       2.254431747676e-11 
 2223       2.241882859565e-11 
 2224       2.229412312307e-11 
 2225       2.217021743468e-11 
 2226       2.204712795810e-11 
 2227       2.192487117299e-11 
 2228       2.180346361111e-11 
 2229       2.168292185632e-11 
 2230       2.156326254472e-11 
 2231       2.144450236463e-11 
 2232       2.132665805669e-11 
 2233       2.120974641390e-11 
 2234       2.109378428168e-11 
 2235       2.097878855791e-11 
 2236       2.086477619303e-11 
 2237       2.075176419003e-11 
 2238       2.063976960455e-11 
 2239       2.052880954496e-11 
 2240       2.041890117232e-11 
 2241       2.031006170054e-11 
 2242       2.020230839639e-11 
 2243       2.009565857954e-11 
 2244       1.999012962265e-11 
 2245       1.988573895139e-11 
 2246       1.978250404454e-11 
 2247       1.968044243400e-11 
 2248       1.957957170487e-11 
 2249       1.947990949550e-11 
 2250       1.938147349755e-11 
 2251       1.928428145606e-11 
 2252       1.918835116945e-11 
 2253       1.909370048964e-11 
 2254       1.900034732207e-11 
 2255       1.890830962577e-11 
 2256       1.881760541340e-11 
 2257       1.872825275133e-11 
 2258       1.864026975967e-11 
 2259       1.855367461235e-11 
 2260       1.846848211918e-11 
 2261       1.838469344790e-11 
 2262       1.830230633569e-11 
 2263       1.822131850104e-11 
 2264       1.814172764374e-11 
 2265       1.806353144486e-11 
 2266       1.798672756671e-11 
 2267       1.791131365283e-11 
 2268       1.783728732796e-11 
 2269       1.776464619801e-11 
 2270       1.769338785005e-11 
 2271       1.762350985225e-11 
 2272       1.755500975392e-11 
 2273       1.748788508540e-11 
 2274       1.742213335812e-11 
 2275       1.735775206451e-11 
 2276       1.729473867802e-11 
 2277       1.723309065307e-11 
 2278       1.717280542501e-11 
 2279       1.711388041016e-11 
 2280       1.705631300571e-11 
 2281       1.700010058973e-11 
 2282       1.694524052117e-11 
 2283       1.689173013977e-11 
 2284       1.683956676610e-11 
 2285       1.678874770151e-11 
 2286       1.673927022808e-11 
 2287       1.669113160865e-11 
 2288       1.664432908674e-11 
 2289       1.659885988656e-11 
 2290       1.655472121298e-11 
 2291       1.651191025150e-11 
 2292       1.647042416821e-11 
 2293       1.643026010981e-11 
 2294       1.639141520352e-11 
 2295       1.635388655713e-11 
 2296       1.631767125890e-11 
 2297       1.628276637761e-11 
 2298       1.624916896247e-11 
 2299       1.621687383651e-11 
 2300       1.618586696141e-11 
 2301       1.615613203033e-11 
 2302       1.612765267068e-11 
 2303       1.610041244399e-11 
 2304       1.607439484587e-11 
 2305       1.604958330591e-11 
 2306       1.602596118765e-11 
 2307       1.600351178843e-11 
 2308       1.598221833939e-11 
 2309       1.596206400535e-11 
 2310       1.594303188476e-11 
 2311       1.592510500960e-11 
 2312       1.590826634534e-11 
 2313       1.589249879083e-11 
 2314       1.587778517823e-11 
 2315       1.586410827297e-11 
 2316       1.585145077364e-11 
 2317       1.583979531192e-11 
 2318       1.582912445251e-11 
 2319       1.581942069307e-11 
 2320       1.581066646412e-11 
 2321       1.580284412897e-11 
 2322       1.579593598367e-11 
 2323       1.578992425691e-11 
 2324       1.578479110994e-11 
 2325       1.578051863653e-11 
 2326       1.577708886284e-11 
 2327       1.577448374741e-11 
 2328       1.577268518104e-11 
 2329       1.577167498672e-11 
 2330       1.577143491958e-11 
 2331       1.577194666679e-11 
 2332       1.577319184748e-11 
 2333       1.577515201271e-11 
 2334       1.577780864533e-11 
 2335       1.578114315997e-11 
 2336       1.578513690291e-11 
 2337       1.578977115205e-11 
 2338       1.579502701192e-11 
 2339       1.580088509830e-11 
 2340       1.580732585148e-11 
 2341       1.581432964092e-11 
 2342       1.582187676513e-11 
 2343       1.582994745161e-11 
 2344       1.583852185677e-11 
 2345       1.584758006586e-11 
 2346       1.585710209289e-11 
 2347       1.586706788056e-11 
 2348       1.587745730016e-11 
 2349       1.588825015151e-11 
 2350       1.589942616289e-11 
 2351       1.591096499094e-11 
 2352       1.592284622060e-11 
 2353       1.593504936504e-11 
 2354       1.594755386556e-11 
 2355       1.596033909153e-11 
 2356       1.597338434030e-11 
 2357       1.598666883714e-11 
 2358       1.600017173515e-11 
 2359       1.601387211519e-11 
 2360       1.602774898580e-11 
 2361       1.604178128311e-11 
 2362       1.605594787078e-11 
 2363       1.607022753993e-11 
 2364       1.608459900904e-11 
 2365       1.609904092388e-11 
 2366       1.611353185746e-11 
 2367       1.612805030989e-11 
 2368       1.614257470838e-11 
 2369       1.615708340711e-11 
 2370       1.617155468716e-11 
 2371       1.618596675647e-11 
 2372       1.620029774969e-11 
 2373       1.621452572818e-11 
 2374       1.622862867990e-11 
 2375       1.624258451932e-11 
 2376       1.625637108735e-11 
 2377       1.626996783049e-11 
 2378       1.628336084957e-11 
 2379       1.629653788194e-11 
 2380       1.630948662504e-11 
 2381       1.632219473639e-11 
 2382       1.633464983348e-11 
 2383       1.634683949380e-11 
 2384       1.635875125478e-11 
 2385       1.637037261370e-11 
 2386       1.638169102773e-11 
 2387       1.639269391382e-11 
 2388       1.640336864869e-11 
 2389       1.641370256879e-11 
 2390       1.642368297024e-11 
 2391       1.643329710880e-11 
 2392       1.644253219986e-11 
 2393       1.645137541831e-11 
 2394       1.645981389861e-11 
 2395       1.646783473467e-11 
 2396       1.647542497983e-11 
 2397       1.648257164682e-11 
 2398       1.648926170774e-11 
 2399       1.649548209399e-11 
 2400       1.650121969621e-11 
 2401       1.650646136430e-11 
 2402       1.651119390734e-11 
 2403       1.651540409353e-11 
 2404       1.651907865020e-11 
 2405       1.652220426372e-11 
 2406       1.652476757948e-11 
 2407       1.652675520186e-11 
 2408       1.652815369416e-11 
 2409       1.652894957859e-11 
 2410       1.652912933619e-11 
 2411       1.652867940684e-11 
 2412       1.652758618916e-11 
 2413       1.652583604052e-11 
 2414       1.652341527698e-11 
 2415       1.652031017321e-11 
 2416       1.651650920417e-11 
 2417       1.651200978473e-11 
 2418       1.650681157079e-11 
 2419       1.650091422132e-11 
 2420       1.649431739837e-11 
 2421       1.648702076708e-11 
 2422       1.647902399571e-11 
 2423       1.647032675557e-11 
 2424       1.646092872111e-11 
 2425       1.645082956988e-11 
 2426       1.644002898253e-11 
 2427       1.642852664284e-11 
 2428       1.641632223772e-11 
 2429       1.640341545717e-11 
 2430       1.638980599435e-11 
 2431       1.637549354556e-11 
 2432       1.636047781021e-11 
 2433       1.634475849090e-11 
 2434       1.632833529333e-11 
 2435       1.631120792638e-11 
 2436       1.629337610209e-11 
 2437       1.627483953565e-11 
 2438       1.625559794544e-11 
 2439       1.623565105298e-11 
 2440       1.621499858299e-11 
 2441       1.619364026337e-11 
 2442       1.617157582519e-11 
 2443       1.614880500273e-11 
 2444       1.612532753346e-11 
 2445       1.610114315805e-11 
 2446       1.607625162035e-11 
 2447       1.605065266747e-11 
 2448       1.602434604968e-11 
 2449       1.599733152051e-11 
 2450       1.596960883669e-11 
 2451       1.594117775818e-11 
 2452       1.591203804818e-11 
 2453       1.588218947312e-11 
 2454       1.585163180267e-11 
 2455       1.582036654915e-11 
 2456       1.578840219704e-11 
 2457       1.575574900467e-11 
 2458       1.572241726767e-11 
 2459       1.568841731904e-11 
 2460       1.565375952916e-11 
 2461       1.561845430588e-11 
 2462       1.558251209447e-11 
 2463       1.554594337776e-11 
 2464       1.550875867611e-11 
 2465       1.547096854748e-11 
 2466       1.543258358745e-11 
 2467       1.539361442929e-11 
 2468       1.535407174394e-11 
 2469       1.531396624014e-11 
 2470       1.527330866439e-11 
 2471       1.523210980100e-11 
 2472       1.519038047219e-11 
 2473       1.514813153804e-11 
 2474       1.510537389660e-11 
 2475       1.506211848391e-11 
 2476       1.501837627402e-11 
 2477       1.497415827903e-11 
 2478       1.492947554917e-11 
 2479       1.488433917279e-11 
 2480       1.483876027643e-11 
 2481       1.479275002485e-11 
 2482       1.474631962106e-11 
 2483       1.469948030638e-11 
 2484       1.465224336044e-11 
 2485       1.460462010129e-11 
 2486       1.455662188535e-11 
 2487       1.450826010753e-11 
 2488       1.445954620121e-11 
 2489       1.441049163832e-11 
 2490       1.436110792936e-11 
 2491       1.431140662342e-11 
 2492       1.426139930827e-11 
 2493       1.421109761035e-11 
 2494       1.416050595979e-11 
 2495       1.410959983883e-11 
 2496       1.405834740574e-11 
 2497       1.400671671822e-11 
 2498       1.395467573326e-11 
 2499       1.390219230706e-11 
 2500       1.384923419493e-11 
